0:
- cam_R_m2c: [0.2963270251524165, -0.9546669792315361, 0.028306411451345603, -0.3641343741381, -0.14032639035019778, -0.9207142128491002, 0.8829475928589269, 0.2625251662911914, -0.3892095647956368]
  cam_t_m2c: [-160.,-110.,1560.]
  obj_bb: [105, 74, 287, 268]
  obj_id: 1
1:
- cam_R_m2c: [-0.5147106960353871, 0.851016648366802, 0.10413243293663083, 0.4474311818757211, 0.37022823858909965, -0.8140862293617968, -0.7313537016191705, -0.37242679220720326, -0.5713318191508241]
  cam_t_m2c: [ -61.84835665,  63.05181371,1505.67597357]
  obj_bb: [147, 109, 311, 333]
  obj_id: 1
2:
- cam_R_m2c: [-0.08728959178229491, 0.9938541911776673, -0.06807623553829344, 0.7203072468360182, 0.015762964390439546, -0.6934760263405948, -0.6881409719832091, -0.10956904504562694, -0.7172563189305435]
  cam_t_m2c: [  10.23907301, -60.        ,1437.96625949]
  obj_bb: [158, 69, 310, 281]
  obj_id: 1
3:
- cam_R_m2c: [-0.08728959178229491, 0.9938541911776673, -0.06807623553829344, 0.7203072468360182, 0.015762964390439546, -0.6934760263405948, -0.6881409719832091, -0.10956904504562694, -0.7172563189305435]
  cam_t_m2c: [   0.        , -60.        ,1437.96625949]
  obj_bb: [153, 69, 310, 281]
  obj_id: 1
4:
- cam_R_m2c: [-0.08728959178229491, 0.9938541911776673, -0.06807623553829344, 0.7203072468360182, 0.015762964390439546, -0.6934760263405948, -0.6881409719832091, -0.10956904504562694, -0.7172563189305435]
  cam_t_m2c: [   0.        , -60.        ,1437.96625949]
  obj_bb: [153, 69, 310, 281]
  obj_id: 1
5:
- cam_R_m2c: [-0.49352654256670514, 0.8682749894574113, 0.05030004438254837, 0.6278934859437975, 0.3957188192870835, -0.6701913058010993, -0.6018150231520483, -0.2991741277997959, -0.7404819505995611]
  cam_t_m2c: [ -40.24927638, -70.        ,1282.77268811]
  obj_bb: [107, 12, 388, 390]
  obj_id: 1
6:
- cam_R_m2c: [-0.49352654256670514, 0.8695015060269033, 0.019967042823139214, 0.6278934859437975, 0.37208841880748833, -0.6835934309943955, -0.6018150231520483, -0.32483432639776555, -0.729589842515786]
  cam_t_m2c: [ -40.24927638, -70.        ,1282.77268811]
  obj_bb: [105, 15, 387, 387]
  obj_id: 1
7:
- cam_R_m2c: [-0.5240616521065702, 0.8514306606255313, -0.02062074048388035, 0.6667420477110101, 0.395079210860958, -0.6319552665811179, -0.5299192642332049, -0.34493223579748833, -0.7747304861061585]
  cam_t_m2c: [ -60.        , -50.        ,1282.77268811]
  obj_bb: [88, 21, 392, 388]
  obj_id: 1
8:
- cam_R_m2c: [-0.5240616521065702, 0.8514306606255313, -0.02062074048388035, 0.6667420477110101, 0.395079210860958, -0.6319552665811179, -0.5299192642332049, -0.34493223579748833, -0.7747304861061585]
  cam_t_m2c: [ -60.        , -40.        ,1282.77268811]
  obj_bb: [88, 25, 392, 388]
  obj_id: 1
9:
- cam_R_m2c: [0.8448177633073237, 0.5349606740962566, -0.010001198472652767, 0.22636823742966475, -0.37429580959854036, -0.8992552852221443, -0.48480962024633706, 0.7574428850332228, -0.4373098535696977]
  cam_t_m2c: [ -10., -40.,3130.]
  obj_bb: [253, 161, 129, 149]
  obj_id: 1
10:
- cam_R_m2c: [0.8364029855964014, 0.546221668037624, -0.045518513284393936, 0.2557140547604459, -0.46231628584359014, -0.8490429753797857, -0.48480962024633706, 0.6985023559086851, -0.5263592793013332]
  cam_t_m2c: [   0., -60.,3150.]
  obj_bb: [253, 153, 130, 155]
  obj_id: 1
11:
- cam_R_m2c: [0.8364029855964014, 0.546221668037624, -0.045518513284393936, 0.2557140547604459, -0.46231628584359014, -0.8490429753797857, -0.48480962024633706, 0.6985023559086851, -0.5263592793013332]
  cam_t_m2c: [  30., -60.,3150.]
  obj_bb: [259, 153, 130, 155]
  obj_id: 1
12:
- cam_R_m2c: [0.8104676052101726, 0.5848497833073312, -0.0330604275570614, 0.27906637615060936, -0.4351120847152501, -0.8560370502711407, -0.5150380749100542, 0.6845642443920926, -0.5158561589172206]
  cam_t_m2c: [  50.,-100.,3020.]
  obj_bb: [260, 143, 138, 160]
  obj_id: 1
13:
- cam_R_m2c: [0.8569308478534623, 0.5150612987003858, 0.01952896766903886, 0.2950649535956719, -0.4591421870550622, -0.8379290693285908, -0.42261826174069944, 0.7238095817598481, -0.5454296418383432]
  cam_t_m2c: [  90.,-130.,3020.]
  obj_bb: [274, 135, 132, 162]
  obj_id: 1
14:
- cam_R_m2c: [0.8569308478534623, 0.5150612987003858, 0.01952896766903886, 0.2950649535956719, -0.4591421870550622, -0.8379290693285908, -0.42261826174069944, 0.7238095817598481, -0.5454296418383432]
  cam_t_m2c: [ 130.,-130.,3110.]
  obj_bb: [284, 138, 128, 157]
  obj_id: 1
15:
- cam_R_m2c: [0.8569308478534623, 0.5150612987003858, 0.01952896766903886, 0.2950649535956719, -0.4591421870550622, -0.8379290693285908, -0.42261826174069944, 0.7238095817598481, -0.5454296418383432]
  cam_t_m2c: [ 160.,-100.,3110.]
  obj_bb: [290, 144, 127, 158]
  obj_id: 1
16:
- cam_R_m2c: [0.8569308478534623, 0.5150612987003858, 0.01952896766903886, 0.2950649535956719, -0.4591421870550622, -0.8379290693285908, -0.42261826174069944, 0.7238095817598481, -0.5454296418383432]
  cam_t_m2c: [ 170.,-100.,3110.]
  obj_bb: [293, 144, 127, 158]
  obj_id: 1
17:
- cam_R_m2c: [0.8569308478534623, 0.5150612987003858, 0.01952896766903886, 0.2950649535956719, -0.4591421870550622, -0.8379290693285908, -0.42261826174069944, 0.7238095817598481, -0.5454296418383432]
  cam_t_m2c: [ 190., -90.,3110.]
  obj_bb: [297, 146, 127, 158]
  obj_id: 1
18:
- cam_R_m2c: [0.8569308478534623, 0.5150612987003858, 0.01952896766903886, 0.2950649535956719, -0.4591421870550622, -0.8379290693285908, -0.42261826174069944, 0.7238095817598481, -0.5454296418383432]
  cam_t_m2c: [ 200., -90.,3110.]
  obj_bb: [299, 146, 126, 158]
  obj_id: 1
19:
- cam_R_m2c: [0.8473291852294987, 0.5223930173083865, 0.09559700479488784, 0.3596699001693256, -0.4320453156684782, -0.8270274530637496, -0.39073112848927377, 0.7351478631379982, -0.5539736496920533]
  cam_t_m2c: [ 210.,-100.,3110.]
  obj_bb: [297, 143, 134, 159]
  obj_id: 1
20:
- cam_R_m2c: [0.8473291852294987, 0.5223930173083865, 0.09559700479488784, 0.3596699001693256, -0.4320453156684782, -0.8270274530637496, -0.39073112848927377, 0.7351478631379982, -0.5539736496920533]
  cam_t_m2c: [ 210.,-120.,3110.]
  obj_bb: [297, 139, 134, 158]
  obj_id: 1
21:
- cam_R_m2c: [-0.9799360701960665, 0.18423053931189737, 0.07605528721618934, 0.08770439189801983, 0.7412376105669841, -0.6654883502532155, -0.17897831704004863, -0.6454656559924745, -0.742523298599927]
  cam_t_m2c: [ 118.04499362,-115.37085307,1955.8480914 ]
  obj_bb: [284, 79, 184, 250]
  obj_id: 1
22:
- cam_R_m2c: [-0.6267391210244518, -0.7789987493821657, -0.018947892719752446, -0.3530549851351034, 0.3055576087861264, -0.8843001329775748, 0.6946583704589973, -0.5475358400816573, -0.46653429903633487]
  cam_t_m2c: [-250.        , 150.        ,2376.70970375]
  obj_bb: [158, 182, 189, 205]
  obj_id: 1
23:
- cam_R_m2c: [-0.5829933612494094, -0.8111539785395045, -0.046346130784012285, -0.32841210255605524, 0.2874439095270097, -0.8997341217107082, 0.7431448254773942, -0.5093183895907956, -0.4339706745746905]
  cam_t_m2c: [-280., 300.,2490.]
  obj_bb: [158, 221, 182, 198]
  obj_id: 1
24:
- cam_R_m2c: [-0.5241113084690545, -0.8514151602102378, 0.01998902946695541, -0.43231779559560296, 0.24575607222156481, -0.8675858900291011, 0.7337633541859487, -0.4633531891876911, -0.49688546177502685]
  cam_t_m2c: [-130.       ,-120.       ,2277.0851495]
  obj_bb: [189, 113, 197, 200]
  obj_id: 1
25:
- cam_R_m2c: [-0.9051325323342035, -0.41841419860495727, -0.0752639177564075, -0.24587078725633837, 0.6596346454602973, -0.7102321384465902, 0.3468178987368159, -0.6243490153065345, -0.6999326054710842]
  cam_t_m2c: [ 150.       ,  30.       ,1530.4450713]
  obj_bb: [240, 89, 262, 338]
  obj_id: 1
26:
- cam_R_m2c: [-0.9095035992680726, -0.41415697876639973, 0.0357379330335337, -0.29285055664867926, 0.5773413881331009, -0.7621781110863148, 0.2950283959028014, -0.7036696088986877, -0.6463801722851559]
  cam_t_m2c: [-140.,-200.,2440.]
  obj_bb: [200, 89, 165, 207]
  obj_id: 1
27:
- cam_R_m2c: [0.9540336765054371, -0.29968633664772343, 0.0028006642402002846, -0.15110408990407337, -0.48905912181649736, -0.8590627039875134, 0.25881904510252074, 0.8191515580127671, -0.5118627031709535]
  cam_t_m2c: [  90.6554612 ,-280.17108482,3040.        ]
  obj_bb: [287, 110, 117, 152]
  obj_id: 1
28:
- cam_R_m2c: [0.9540336765054371, -0.29968633664772343, 0.0028006642402002846, -0.15110408990407337, -0.48905912181649736, -0.8590627039875134, 0.25881904510252074, 0.8191515580127671, -0.5118627031709535]
  cam_t_m2c: [  70.,-320.,3040.]
  obj_bb: [283, 102, 117, 151]
  obj_id: 1
29:
- cam_R_m2c: [0.9623739524133059, -0.26961618302819435, -0.03381552255546852, -0.15242505983589336, -0.4326205766185491, -0.8885977930538982, 0.224951054343865, 0.86031770325592, -0.4574390370465142]
  cam_t_m2c: [  60.,-330.,3040.]
  obj_bb: [281, 103, 113, 147]
  obj_id: 1
30:
- cam_R_m2c: [0.9623739524133059, -0.26961618302819435, -0.03381552255546852, -0.15242505983589336, -0.4326205766185491, -0.8885977930538982, 0.224951054343865, 0.86031770325592, -0.4574390370465142]
  cam_t_m2c: [  60.,-340.,3040.]
  obj_bb: [281, 101, 113, 147]
  obj_id: 1
31:
- cam_R_m2c: [0.9564681423308483, -0.2845501805214121, -0.06480653880132672, -0.18591857318664962, -0.4229475667617565, -0.8868763385695606, 0.224951054343865, 0.86031770325592, -0.4574390370465142]
  cam_t_m2c: [  60.,-340.,3040.]
  obj_bb: [278, 100, 115, 148]
  obj_id: 1
32:
- cam_R_m2c: [0.9564681423308483, -0.28976551277013735, -0.03470792870851648, -0.18591857318664962, -0.5133344365164204, -0.8378078779950744, 0.224951054343865, 0.8077893932798502, -0.5448608255822353]
  cam_t_m2c: [  60.,-340.,3040.]
  obj_bb: [279, 96, 116, 155]
  obj_id: 1
33:
- cam_R_m2c: [0.8104676052101726, -0.5797428471915789, 0.08390763990894803, -0.27906637615060936, -0.508064896804874, -0.8148570539283682, 0.5150380749100542, 0.6369994440852005, -0.5735568756697901]
  cam_t_m2c: [ -80.,-170.,1890.]
  obj_bb: [194, 63, 227, 259]
  obj_id: 1
34:
- cam_R_m2c: [-0.010668993754061688, -0.9998341461902236, 0.014759833479493074, -0.6955387751626868, -0.0031844966663835267, -0.7184815037467361, 0.7184093434925978, -0.017931511175814607, -0.6953894420319353]
  cam_t_m2c: [  40.,-290.,2040.]
  obj_bb: [237, 50, 203, 197]
  obj_id: 1
35:
- cam_R_m2c: [-0.9286198238191744, 0.3707449648786043, 0.014608005586249445, 0.23504463791318042, 0.6182767615658982, -0.7499919094869273, -0.2870875145287711, -0.6930238214699029, -0.6612856734248405]
  cam_t_m2c: [-128.27223555,-171.44368852,2244.92571318]
  obj_bb: [208, 84, 166, 224]
  obj_id: 1
36:
- cam_R_m2c: [-0.5618427259867127, 0.8228801314867845, -0.08485894449091308, 0.7455904800857618, 0.45927589433013893, -0.4828669474013874, -0.35836794954530027, -0.33456530317942906, -0.8715724127386971]
  cam_t_m2c: [  30., -90.,1370.]
  obj_bb: [146, 8, 370, 364]
  obj_id: 1
37:
- cam_R_m2c: [0.9839298882679104, 0.17851497573265696, 0.003791887691682344, 0.08608271092777121, -0.4556468312407415, -0.885988562036552, -0.15643446504023087, 0.8720770428233048, -0.46369158880460265]
  cam_t_m2c: [ 290., -40.,3090.]
  obj_bb: [332, 160, 93, 148]
  obj_id: 1
38:
- cam_R_m2c: [-0.7771776051208714, -0.6242096342131463, -0.07973269501325742, -0.43576093932892107, 0.6252478279122861, -0.6474392306974801, 0.45399049973954675, -0.46843087670056344, -0.75793478604678]
  cam_t_m2c: [ 109.74234847,-225.21140973,2031.64640371]
  obj_bb: [240, 43, 219, 258]
  obj_id: 1
39:
- cam_R_m2c: [-0.7771776051208714, -0.6242096342131463, -0.07973269501325742, -0.43576093932892107, 0.6252478279122861, -0.6474392306974801, 0.45399049973954675, -0.46843087670056344, -0.75793478604678]
  cam_t_m2c: [ 120.        ,-220.        ,2031.64640371]
  obj_bb: [244, 45, 219, 258]
  obj_id: 1
40:
- cam_R_m2c: [-0.6367003198575394, -0.7705340674335485, 0.029832090399746575, -0.6827775006779325, 0.54536219729258, -0.48620464655554757, 0.35836794954530027, -0.3299353341012762, -0.873335610203876]
  cam_t_m2c: [  50.        , -60.        ,1239.71618895]
  obj_bb: [145, -8, 415, 414]
  obj_id: 1
41:
- cam_R_m2c: [0.9863347480510395, -0.1484375490394975, -0.07148467543634252, -0.1562200770427064, -0.7047962633064225, -0.6919953141156917, 0.052335956242943835, 0.693706365304839, -0.7183539701426351]
  cam_t_m2c: [ -40., -20.,1440.]
  obj_bb: [197, 58, 227, 349]
  obj_id: 1
42:
- cam_R_m2c: [0.9875379108768892, -0.1005553365448035, -0.12106815796595971, -0.1564106393134979, -0.7123800607338951, -0.6841420619858968, -0.01745240643728351, 0.6945525706245231, -0.719230241402859]
  cam_t_m2c: [ -40., -20.,1440.]
  obj_bb: [186, 56, 228, 349]
  obj_id: 1
43:
- cam_R_m2c: [0.9839298882679104, -0.04674579047707898, -0.17232761254590184, -0.1558391846718965, -0.6959135685642176, -0.7010124489686432, -0.08715574274765817, 0.7166024952237391, -0.6920149856363047]
  cam_t_m2c: [ -40., -20.,1440.]
  obj_bb: [172, 57, 243, 349]
  obj_id: 1
44:
- cam_R_m2c: [0.9960429728140489, -0.07477192137648296, -0.04803702823261559, -0.08714246850588939, -0.7155458660439148, -0.6931091571824486, 0.01745240643728351, 0.6945525706245231, -0.719230241402859]
  cam_t_m2c: [   0., -20.,1440.]
  obj_bb: [214, 62, 226, 340]
  obj_id: 1
45:
- cam_R_m2c: [0.42281732602607136, -0.8930450742076765, 0.15393506502927895, -0.5819581232042504, -0.39779173307642923, -0.709285894356174, 0.6946583704589973, 0.21031460369992455, -0.6879080722173525]
  cam_t_m2c: [-280.,-300.,1760.]
  obj_bb: [87, -5, 271, 284]
  obj_id: 1
46:
- cam_R_m2c: [-0.1863915485370155, 0.9824307406036686, 0.009382459746819505, 0.8712926126050938, 0.16970366374308804, -0.46048870749668, -0.45399049973954675, -0.07765633540864648, -0.8876159753616067]
  cam_t_m2c: [ -30.,  20.,1270.]
  obj_bb: [106, 69, 377, 327]
  obj_id: 1
47:
- cam_R_m2c: [-0.1863915485370155, 0.9821597134638785, -0.02490959418628605, 0.8712926126050938, 0.15352946072755594, -0.46613076267126574, -0.45399049973954675, -0.10858638007253911, -0.884365096670475]
  cam_t_m2c: [ -10.,  40.,1270.]
  obj_bb: [115, 83, 375, 322]
  obj_id: 1
48:
- cam_R_m2c: [-0.1863915485370155, 0.9824307406036686, 0.009382459746819505, 0.8712926126050938, 0.16970366374308804, -0.46048870749668, -0.45399049973954675, -0.07765633540864648, -0.8876159753616067]
  cam_t_m2c: [  10.,  30.,1270.]
  obj_bb: [131, 75, 374, 327]
  obj_id: 1
49:
- cam_R_m2c: [-0.04292761199861596, -0.9951389168071709, 0.0886327049341661, -0.5281776658791599, -0.052698720222699794, -0.8474970195542474, 0.8480480961564261, -0.08319483843809233, -0.5233479200901834]
  cam_t_m2c: [-160.,-310.,2730.]
  obj_bb: [217, 94, 144, 151]
  obj_id: 1
50:
- cam_R_m2c: [0.10395584540887975, -0.9945327325664503, -0.009890705699529295, -0.4890738003669029, -0.042457339468671806, -0.871208466510695, 0.8660254037844386, 0.09540449768827239, -0.4908135917238321]
  cam_t_m2c: [-450., 180.,2140.]
  obj_bb: [74, 196, 211, 194]
  obj_id: 1
51:
- cam_R_m2c: [-0.9784691258823309, -0.20478868823924973, -0.025685849495677718, -0.07867716935973826, 0.4851470372028483, -0.8708859025812951, 0.1908089953765448, -0.8501140779110444, -0.49081359172383177]
  cam_t_m2c: [-688.46334789,  39.47680658,2558.46935242]
  obj_bb: [62, 162, 168, 183]
  obj_id: 1
52:
- cam_R_m2c: [-0.9743102832774889, -0.22515719026164321, -0.004869453072113977, -0.11963026031541113, 0.535746517833231, -0.8358613936810543, 0.1908089953765448, -0.813805817319494, -0.5489189548379105]
  cam_t_m2c: [-710.        ,  20.        ,2558.46935242]
  obj_bb: [56, 154, 170, 188]
  obj_id: 1
53:
- cam_R_m2c: [-0.9743102832774889, -0.22387599837660843, -0.024474665485275784, -0.11963026031541113, 0.6065579611869445, -0.7859873030384168, 0.1908089953765448, -0.7628676012727332, -0.6177580029524342]
  cam_t_m2c: [-720.        ,  20.        ,2558.46935242]
  obj_bb: [51, 151, 174, 192]
  obj_id: 1
54:
- cam_R_m2c: [0.6840684186700081, -0.7279702807526546, 0.045931132352859005, -0.2903698162897467, -0.3295415573851812, -0.8983806163002451, 0.6691306063588582, 0.6012167930930162, -0.4368095687330762]
  cam_t_m2c: [ -50., -60.,1440.]
  obj_bb: [152, 72, 315, 324]
  obj_id: 1
55:
- cam_R_m2c: [-0.7496954135095477, -0.6570581619901327, -0.07893895568663661, -0.4504624502434699, 0.5940431648902813, -0.6664805317245114, 0.48480962024633706, -0.46409836242900776, -0.7413314657474858]
  cam_t_m2c: [  20.98376601, -24.03854571,1580.71669086]
  obj_bb: [171, 67, 295, 333]
  obj_id: 1
56:
- cam_R_m2c: [-0.665027094876049, 0.7468109625370819, 0.0035141592394041243, 0.5710583936735761, 0.5115424891715133, -0.6420409588080553, -0.48128086820034466, -0.42496784349718686, -0.7666622841236375]
  cam_t_m2c: [-170.,-150.,1740.]
  obj_bb: [122, 38, 271, 297]
  obj_id: 1
57:
- cam_R_m2c: [0.9384708235164863, -0.32383140763581064, 0.12002388444346178, -0.11522972798565904, -0.6212244205957949, -0.7751143973916172, 0.3255681544571567, 0.7135919272833938, -0.6203159986001753]
  cam_t_m2c: [-340.,-850.,3520.]
  obj_bb: [219, 27, 97, 130]
  obj_id: 1
58:
- cam_R_m2c: [-0.897646056468128, -0.4112170973794592, -0.15853093114604022, -0.2565228450760581, 0.7800072200928438, -0.570775583357521, 0.35836794954530027, -0.4716876460390352, -0.8056569848967059]
  cam_t_m2c: [ 172.2884186 ,  11.94816294,1510.        ]
  obj_bb: [242, 73, 271, 341]
  obj_id: 1
59:
- cam_R_m2c: [-0.8960187181271826, -0.44270614077066406, -0.0340841559916866, -0.28233146687752164, 0.6273062492815763, -0.7257932297996916, 0.3426943238171702, -0.6407012896320922, -0.687068015473917]
  cam_t_m2c: [ 129.61731351,-181.80371061,1733.73459314]
  obj_bb: [246, 34, 232, 293]
  obj_id: 1
60:
- cam_R_m2c: [-0.20429363168595435, -0.9776572451204559, 0.04950174861602699, -0.637181199046815, 0.09441727939696376, -0.7649088160902179, 0.7431448254773942, -0.18780758348574844, -0.6422336646045712]
  cam_t_m2c: [-270.,-230.,1830.]
  obj_bb: [115, 48, 231, 231]
  obj_id: 1
61:
- cam_R_m2c: [-0.20429363168595435, -0.9776572451204559, 0.04950174861602699, -0.637181199046815, 0.09441727939696376, -0.7649088160902179, 0.7431448254773942, -0.18780758348574844, -0.6422336646045712]
  cam_t_m2c: [-290.,-240.,1810.]
  obj_bb: [103, 43, 235, 233]
  obj_id: 1
62:
- cam_R_m2c: [-0.7424038765061041, -0.6684184133534132, 0.04531345097004791, -0.5198367907256843, 0.5320682814124764, -0.6683360344338728, 0.42261826174069944, -0.5197308617013996, -0.7424780375461555]
  cam_t_m2c: [ -81.37641888, 205.53854268,1766.77340587]
  obj_bb: [158, 164, 264, 299]
  obj_id: 1
63:
- cam_R_m2c: [-0.8131255777038227, 0.5797093271977327, 0.052572719577521965, 0.4002756546769918, 0.6224381433531452, -0.6725698164294881, -0.42261826174069944, -0.5258401407833388, -0.7381639053653518]
  cam_t_m2c: [-357.99830763,  49.65639003,1868.03808762]
  obj_bb: [87, 117, 227, 283]
  obj_id: 1
64:
- cam_R_m2c: [0.7021503466678123, -0.711836647156856, -0.016537183519472753, -0.4218944919492378, -0.39721977787248763, -0.8149978440031767, 0.573576436351046, 0.5792279653395692, -0.5792279653395691]
  cam_t_m2c: [ -40.,-140.,1490.]
  obj_bb: [153, 31, 310, 327]
  obj_id: 1
65:
- cam_R_m2c: [0.7705991653689372, 0.6249837008633617, 0.12478902190430582, 0.3225728245605047, -0.21361050248659103, -0.9221265239014025, -0.5496578018983768, 0.7508434769527949, -0.36621083262197845]
  cam_t_m2c: [  26.19556676, -72.09117989,1585.3841751 ]
  obj_bb: [192, 92, 279, 277]
  obj_id: 1
66:
- cam_R_m2c: [0.3474847234322255, -0.933578320108905, 0.08766919187413885, -0.5718305127810189, -0.28507692226334647, -0.7692470429227887, 0.7431448254773942, 0.21716967701659617, -0.6329084449987065]
  cam_t_m2c: [ -60.,-160.,2060.]
  obj_bb: [197, 78, 217, 231]
  obj_id: 1
67:
- cam_R_m2c: [-0.49959604758421605, 0.8405931692435744, 0.2093010106503862, 0.41153589446205835, 0.4429207514229785, -0.7965296074398099, -0.762261108025028, -0.3118081650309167, -0.5672157185873019]
  cam_t_m2c: [-130.        , 130.        ,1563.90823887]
  obj_bb: [129, 134, 302, 330]
  obj_id: 1
68:
- cam_R_m2c: [0.24502644747076682, -0.967612922558211, 0.06072291279420983, -0.3634986965272729, -0.14975027459004386, -0.9194800448531661, 0.898794046299167, 0.20322422926059805, -0.38841881388342503]
  cam_t_m2c: [ -10.,  90.,2790.]
  obj_bb: [245, 184, 149, 156]
  obj_id: 1
69:
- cam_R_m2c: [0.9509643725976885, -0.2961860008054635, 0.08911012836232932, -0.05751589492913535, -0.4524156312856467, -0.8899505707616072, 0.3039057154454083, 0.8411860373872571, -0.44726654986075004]
  cam_t_m2c: [ -60.,-310.,3510.]
  obj_bb: [266, 126, 101, 123]
  obj_id: 1
70:
- cam_R_m2c: [-0.9730347244752634, -0.222918033315256, -0.059253484186219195, -0.050994589075034395, 0.45843320111802227, -0.8872646459753434, 0.224951054343865, -0.86031770325592, -0.4574390370465142]
  cam_t_m2c: [ -70., -40.,1740.]
  obj_bb: [176, 107, 206, 260]
  obj_id: 1
71:
- cam_R_m2c: [0.9814776768730069, -0.15924701066733674, 0.10649863564141418, -0.017131756575414492, -0.6266365872831742, -0.779123283180998, 0.1908089953765448, 0.7628676012727332, -0.6177580029524342]
  cam_t_m2c: [  20.09175114,-330.        ,2130.        ]
  obj_bb: [262, 37, 158, 217]
  obj_id: 1
72:
- cam_R_m2c: [-0.01295858919992394, -0.9995255461185875, -0.027942040410235933, -0.7770379143740846, 0.027653677241887702, -0.6288460493317694, 0.6293203910498374, 0.01356306718044062, -0.7770275983628501]
  cam_t_m2c: [  30.,-270.,2030.]
  obj_bb: [229, 52, 205, 201]
  obj_id: 1
73:
- cam_R_m2c: [-0.898767710336751, -0.43667951755112866, 0.03908454691239932, -0.32670382479174437, 0.6076236909069658, -0.7239185459117905, 0.29237170472273677, -0.6634036849459835, -0.6887774220149867]
  cam_t_m2c: [-196.47307781, 153.75589213,1654.66543709]
  obj_bb: [100, 143, 265, 319]
  obj_id: 1
74:
- cam_R_m2c: [-0.005801513976341172, -0.9996818605742255, 0.024546284330565687, -0.7986144378510083, -0.010140965164925363, -0.6017575429368891, 0.6018150231520483, -0.023094121857702814, -0.7983015341611972]
  cam_t_m2c: [  50.,-270.,2030.]
  obj_bb: [240, 53, 205, 198]
  obj_id: 1
75:
- cam_R_m2c: [-0.005801513976341172, -0.9996818605742255, 0.024546284330565687, -0.7986144378510083, -0.010140965164925363, -0.6017575429368891, 0.6018150231520483, -0.023094121857702814, -0.7983015341611972]
  cam_t_m2c: [  40.,-260.,2030.]
  obj_bb: [237, 57, 205, 198]
  obj_id: 1
76:
- cam_R_m2c: [-0.005801513976341172, -0.9996818605742255, 0.024546284330565687, -0.7986144378510083, -0.010140965164925363, -0.6017575429368891, 0.6018150231520483, -0.023094121857702814, -0.7983015341611972]
  cam_t_m2c: [  30.,-240.,2050.]
  obj_bb: [234, 65, 202, 195]
  obj_id: 1
77:
- cam_R_m2c: [-0.005801513976341172, -0.9996818605742255, 0.024546284330565687, -0.7986144378510083, -0.010140965164925363, -0.6017575429368891, 0.6018150231520483, -0.023094121857702814, -0.7983015341611972]
  cam_t_m2c: [  30.,-230.,2050.]
  obj_bb: [234, 68, 202, 195]
  obj_id: 1
78:
- cam_R_m2c: [0.29512813627316264, -0.9554189249833607, 0.008605867973009995, -0.3651067397961262, -0.1210955417627042, -0.9230563028984965, 0.8829475928589269, 0.2692778259508876, -0.38456859039161034]
  cam_t_m2c: [   0., 120.,2840.]
  obj_bb: [246, 193, 148, 151]
  obj_id: 1
79:
- cam_R_m2c: [-0.8827176350690369, -0.468122062510966, 0.04088167472848764, -0.3388435531945201, 0.5738293962322645, -0.7455902832509468, 0.3255681544571567, -0.6719981834872726, -0.6651494705652009]
  cam_t_m2c: [-170., 150.,1740.]
  obj_bb: [124, 147, 251, 303]
  obj_id: 1
80:
- cam_R_m2c: [-0.7673114345067469, -0.6355677876505581, -0.08536246116516061, -0.4309942250447279, 0.60967959587138, -0.6652328677660218, 0.4748443328642481, -0.473650058248794, -0.7417401713994066]
  cam_t_m2c: [ 226.04379525,-262.61894063,2134.59477926]
  obj_bb: [281, 43, 206, 244]
  obj_id: 1
81:
- cam_R_m2c: [-0.489235585184472, -0.8705680785691858, 0.05253344425757078, -0.1978003560328002, 0.05209038640822117, -0.9788572984848914, 0.8494254301246842, -0.48928295721412396, -0.19768314656868705]
  cam_t_m2c: [ -70.,-140.,1570.]
  obj_bb: [163, 67, 277, 248]
  obj_id: 1
82:
- cam_R_m2c: [0.2554820016280382, -0.966507202495558, 0.024346958092163473, -0.393868626712966, -0.12704557376967807, -0.910344400255626, 0.8829475928589269, 0.22298710659978474, -0.4131347220397759]
  cam_t_m2c: [ -10., 150.,2810.]
  obj_bb: [245, 198, 148, 155]
  obj_id: 1
83:
- cam_R_m2c: [-0.4953054407150581, -0.866435452994307, 0.0629454223324627, -0.1883797945734184, 0.036389929478380934, -0.9814218389810955, 0.8480480961564261, -0.4979612222122406, -0.18124306270407364]
  cam_t_m2c: [ -90.,-120.,1540.]
  obj_bb: [151, 70, 284, 255]
  obj_id: 1
84:
- cam_R_m2c: [0.9487544236083351, 0.3110957333409672, 0.05553817048356882, 0.22195059547836232, -0.5308775996792017, -0.8178672920013672, -0.224951054343865, 0.7882819412214739, -0.5727203543560228]
  cam_t_m2c: [-200.        ,-250.        ,3032.29147096]
  obj_bb: [218, 111, 122, 160]
  obj_id: 1
85:
- cam_R_m2c: [-0.5018905057231262, -0.8605349571113737, 0.08709482105332644, -0.1700598332071563, -0.0005516870361164661, -0.9854335841501285, 0.8480480961564261, -0.5093910906471967, -0.14606554478973025]
  cam_t_m2c: [ -90., -70.,1500.]
  obj_bb: [143, 83, 297, 263]
  obj_id: 1
86:
- cam_R_m2c: [-0.5018905057231262, -0.8605349571113737, 0.08709482105332644, -0.1700598332071563, -0.0005516870361164661, -0.9854335841501285, 0.8480480961564261, -0.5093910906471967, -0.14606554478973025]
  cam_t_m2c: [ -90., -70.,1500.]
  obj_bb: [143, 83, 297, 263]
  obj_id: 1
87:
- cam_R_m2c: [-0.5018905057231262, -0.8605349571113737, 0.08709482105332644, -0.1700598332071563, -0.0005516870361164661, -0.9854335841501285, 0.8480480961564261, -0.5093910906471967, -0.14606554478973025]
  cam_t_m2c: [ -90., -70.,1500.]
  obj_bb: [143, 83, 297, 263]
  obj_id: 1
88:
- cam_R_m2c: [-0.9250409361367864, -0.3761510248163295, -0.053006348683935944, -0.19462181359054642, 0.5891336655179282, -0.7842473295001625, 0.32622326119684436, -0.7151446921309246, -0.6181799520940974]
  cam_t_m2c: [  11.00118868,-492.38699108,2430.        ]
  obj_bb: [239, 21, 156, 195]
  obj_id: 1
89:
- cam_R_m2c: [0.8569308478534623, -0.5133333578938561, -0.04645842948878676, -0.2950649535956719, -0.4146591295379223, -0.860810362071947, 0.42261826174069944, 0.751363207752596, -0.5068008828711714]
  cam_t_m2c: [ -80.,-430.,2780.]
  obj_bb: [233, 66, 144, 164]
  obj_id: 1
90:
- cam_R_m2c: [0.05649311749483291, -0.9982674697095751, -0.016449516569108848, -0.8426615984633311, -0.03883780322932513, -0.5370410184665076, 0.5354717155470854, 0.04420049728184746, -0.8433957303004911]
  cam_t_m2c: [  40.,-220.,1570.]
  obj_bb: [196, 15, 280, 258]
  obj_id: 1
91:
- cam_R_m2c: [0.05649311749483291, -0.9982674697095751, -0.016449516569108848, -0.8426615984633311, -0.03883780322932513, -0.5370410184665076, 0.5354717155470854, 0.04420049728184746, -0.8433957303004911]
  cam_t_m2c: [  30.,-220.,1570.]
  obj_bb: [191, 15, 280, 258]
  obj_id: 1
92:
- cam_R_m2c: [0.05649311749483291, -0.9982674697095751, -0.016449516569108848, -0.8426615984633311, -0.03883780322932513, -0.5370410184665076, 0.5354717155470854, 0.04420049728184746, -0.8433957303004911]
  cam_t_m2c: [  20.,-210.,1570.]
  obj_bb: [186, 20, 280, 257]
  obj_id: 1
93:
- cam_R_m2c: [0.05649311749483291, -0.9970852722900512, -0.051278528235409356, -0.8426615984633311, -0.02007168303588048, -0.5380692873741549, 0.5354717155470854, 0.07360765804168626, -0.8413393813002453]
  cam_t_m2c: [  10.,-200.,1520.]
  obj_bb: [172, 18, 291, 262]
  obj_id: 1
94:
- cam_R_m2c: [-0.9847286264862019, 0.15719827954316, 0.0748213411218269, 0.07782214191369645, 0.7818976300595777, -0.6185303633090136, -0.15573453825841832, -0.6032617980743404, -0.7821904861205811]
  cam_t_m2c: [-107.67627458, -71.62125877,1806.38583685]
  obj_bb: [208, 79, 177, 270]
  obj_id: 1
95:
- cam_R_m2c: [0.05270315064887155, -0.9985312130326862, -0.012561628523174377, -0.796894632821794, -0.034473147124185165, -0.6031339372868785, 0.6018150231520483, 0.04179735310789623, -0.7975410078370098]
  cam_t_m2c: [  10.,-210.,1500.]
  obj_bb: [174, 10, 297, 272]
  obj_id: 1
96:
- cam_R_m2c: [0.05270315064887155, -0.9985312130326862, -0.012561628523174377, -0.796894632821794, -0.034473147124185165, -0.6031339372868785, 0.6018150231520483, 0.04179735310789623, -0.7975410078370098]
  cam_t_m2c: [  10.,-200.,1500.]
  obj_bb: [174, 14, 297, 272]
  obj_id: 1
97:
- cam_R_m2c: [0.05270315064887155, -0.9985312130326862, -0.012561628523174377, -0.796894632821794, -0.034473147124185165, -0.6031339372868785, 0.6018150231520483, 0.04179735310789623, -0.7975410078370098]
  cam_t_m2c: [   0.,-200.,1500.]
  obj_bb: [168, 14, 297, 272]
  obj_id: 1
98:
- cam_R_m2c: [0.05270315064887155, -0.9974845402838947, -0.047402213095060486, -0.796894632821794, -0.013403076158880492, -0.6039696198728023, 0.6018150231520483, 0.06960567106282664, -0.79559646081691]
  cam_t_m2c: [   0.,-200.,1500.]
  obj_bb: [165, 15, 296, 269]
  obj_id: 1
99:
- cam_R_m2c: [0.055345123940938865, -0.9971556904329228, -0.05116098409142356, -0.8368424217221915, -0.01837542938667172, -0.5471353624113445, 0.5446390350150271, 0.07309495626988377, -0.8354791732328245]
  cam_t_m2c: [   0.,-200.,1500.]
  obj_bb: [165, 15, 296, 266]
  obj_id: 1
100:
- cam_R_m2c: [-0.9893399932514861, 0.14030754608533885, 0.03898936091627763, 0.07971349252885289, 0.7458504558227876, -0.6613265885005626, -0.12186934340514748, -0.6511688644740705, -0.7490840894569499]
  cam_t_m2c: [-106.54985783, -90.        ,1720.        ]
  obj_bb: [203, 66, 181, 284]
  obj_id: 1
101:
- cam_R_m2c: [0.35781673663580615, -0.9314192319840591, 0.06652365950192285, -0.6240327966818352, -0.2915100976703453, -0.7249861596069771, 0.6946583704589973, 0.21789923645219916, -0.6855433400630475]
  cam_t_m2c: [ -50.,-160.,1990.]
  obj_bb: [193, 70, 228, 241]
  obj_id: 1
102:
- cam_R_m2c: [-0.9924038765061041, 0.11997678907811368, 0.02720507265498929, 0.0868240888334652, 0.8397229703709468, -0.536028833767021, -0.08715574274765817, -0.52959503690452, -0.84376120638022]
  cam_t_m2c: [-100.        , -90.        ,1834.84534253]
  obj_bb: [210, 72, 168, 266]
  obj_id: 1
103:
- cam_R_m2c: [-0.9924038765061041, 0.11997678907811368, 0.02720507265498929, 0.0868240888334652, 0.8397229703709468, -0.536028833767021, -0.08715574274765817, -0.52959503690452, -0.84376120638022]
  cam_t_m2c: [ -80.        ,-120.        ,1834.84534253]
  obj_bb: [217, 62, 170, 266]
  obj_id: 1
104:
- cam_R_m2c: [-0.8980367538343643, -0.43092925200675836, -0.08848710938624313, -0.24340221775149704, 0.6542674359275658, -0.7160233813769081, 0.3664496543268803, -0.6214773544141928, -0.6924453399323629]
  cam_t_m2c: [ 140.        ,  20.        ,1516.72537858]
  obj_bb: [232, 84, 267, 340]
  obj_id: 1
105:
- cam_R_m2c: [-0.8406378989893606, 0.5406625551997684, 0.03181075584784465, 0.3387059604229358, 0.57064513199868, -0.748092511458433, -0.42261826174069944, -0.6181004244708674, -0.6628315548555328]
  cam_t_m2c: [ 120.        , -40.        ,1811.64978654]
  obj_bb: [255, 89, 245, 285]
  obj_id: 1
106:
- cam_R_m2c: [-0.8423387489881715, -0.5379524051662941, 0.032751209578298385, -0.15590306867280823, 0.18504460952441326, -0.9702848683063954, 0.5159066438140179, -0.8224145562073648, -0.23973867565914206]
  cam_t_m2c: [ -20.,  70.,1370.]
  obj_bb: [150, 140, 303, 324]
  obj_id: 1
107:
- cam_R_m2c: [-0.8344542770336508, 0.5481401880624241, 0.056818956089824346, 0.35366631785274205, 0.6117467770289877, -0.7075917017681378, -0.42261826174069944, -0.5703579709494173, -0.704333436532537]
  cam_t_m2c: [ 120., -30.,1900.]
  obj_bb: [259, 96, 233, 275]
  obj_id: 1
108:
- cam_R_m2c: [-0.8507781056246614, -0.5254971249908378, -0.005420942360530742, -0.1044624161249291, 0.17921575306255622, -0.9782480858512134, 0.5150380749100542, -0.8317057685747915, -0.20736753823190546]
  cam_t_m2c: [   0.,  80.,1400.]
  obj_bb: [161, 150, 291, 310]
  obj_id: 1
109:
- cam_R_m2c: [-0.8466141488428827, -0.5314315459237934, 0.028722725777478697, -0.13409050813531376, 0.16076699448724657, -0.9778413517087273, 0.5150380749100542, -0.8317057685747915, -0.20736753823190546]
  cam_t_m2c: [  20.,  60.,1400.]
  obj_bb: [176, 142, 289, 307]
  obj_id: 1
110:
- cam_R_m2c: [0.9445310575203687, -0.3192745980472982, 0.0769728031267554, -0.14959902291450597, -0.6269032750141614, -0.7645995135491155, 0.29237170472273677, 0.7106729309733522, -0.6398927812214057]
  cam_t_m2c: [   0.,-470.,2730.]
  obj_bb: [263, 49, 134, 175]
  obj_id: 1
111:
- cam_R_m2c: [-0.8343498769557215, -0.5458667922012526, 0.07674456329856147, -0.19241582455319153, 0.15793863002245012, -0.9685202835295434, 0.5165621291630734, -0.8228516478190624, -0.23680948544339617]
  cam_t_m2c: [  30.,  40.,1360.]
  obj_bb: [175, 129, 305, 320]
  obj_id: 1
112:
- cam_R_m2c: [0.2107658190456616, 0.9774278544462633, -0.014579398978886965, 0.6350697110461061, -0.14824987902469663, -0.758095268077158, -0.7431448254773942, 0.15052163539417499, -0.6519808322676643]
  cam_t_m2c: [  90.,-130.,1320.]
  obj_bb: [208, 13, 352, 335]
  obj_id: 1
113:
- cam_R_m2c: [-0.8351981583169024, -0.5447883883596513, -0.075164142066203, -0.19282068804202512, 0.41808400791458616, -0.8877082542080343, 0.5150380749100542, -0.7269190974479691, -0.4542294653128256]
  cam_t_m2c: [   0.        , -73.24289997,3284.38439324]
  obj_bb: [255, 158, 127, 143]
  obj_id: 1
114:
- cam_R_m2c: [-0.9716590811673043, -0.22586916024344653, -0.06972626790550535, -0.07263369145715733, 0.5659722771152546, -0.8212184413432762, 0.224951054343865, -0.7928798799237459, -0.5663378136427849]
  cam_t_m2c: [ 107.05161995, -80.82365914,2223.79427229]
  obj_bb: [269, 116, 147, 211]
  obj_id: 1
115:
- cam_R_m2c: [-0.9716590811673043, -0.22586916024344653, -0.06972626790550535, -0.07263369145715733, 0.5659722771152546, -0.8212184413432762, 0.224951054343865, -0.7928798799237459, -0.5663378136427849]
  cam_t_m2c: [ 100.        , -80.        ,2223.79427229]
  obj_bb: [267, 117, 147, 212]
  obj_id: 1
116:
- cam_R_m2c: [-0.9716590811673043, -0.22586916024344653, -0.06972626790550535, -0.07263369145715733, 0.5659722771152546, -0.8212184413432762, 0.224951054343865, -0.7928798799237459, -0.5663378136427849]
  cam_t_m2c: [  90.        , -90.        ,2223.79427229]
  obj_bb: [263, 114, 148, 211]
  obj_id: 1
117:
- cam_R_m2c: [0.35057583390845876, -0.9324983554490616, 0.08685275910519127, -0.6281292327464463, -0.3029034663174668, -0.7167308818951671, 0.6946583704589973, 0.1967137696696875, -0.6919201118435506]
  cam_t_m2c: [ -40.,-150.,2040.]
  obj_bb: [201, 76, 221, 236]
  obj_id: 1
118:
- cam_R_m2c: [-0.9743102832774889, 0.21773483055985537, 0.05754142386846539, 0.11963026031541113, 0.7168437880072763, -0.6868941580856879, -0.1908089953765448, -0.662364346229815, -0.7244759486186851]
  cam_t_m2c: [ 230.        ,  40.        ,2214.45104903]
  obj_bb: [314, 139, 172, 225]
  obj_id: 1
119:
- cam_R_m2c: [-0.3213661761322225, -0.9468799029976431, 0.011926027726250121, -0.5977159973096532, 0.1930613197416817, -0.7781149743962822, 0.7344789768252594, -0.25718821146929355, -0.6280086436371286]
  cam_t_m2c: [-190.,-330.,2050.]
  obj_bb: [160, 34, 212, 218]
  obj_id: 1
120:
- cam_R_m2c: [0.9143635336783047, 0.4026603052890978, -0.042473601493331264, 0.2625900853215956, -0.6695777656530314, -0.6947748288718376, -0.3081976238878568, 0.6241236209979436, -0.7179720957964134]
  cam_t_m2c: [-110.,  20.,1280.]
  obj_bb: [62, 54, 348, 405]
  obj_id: 1
121:
- cam_R_m2c: [-0.31879426206083983, -0.9478205478099875, -0.002535276367581274, -0.5664619062850225, 0.1926695854972852, -0.8012486128239117, 0.7599283697856154, -0.253997322768331, -0.5983261926587347]
  cam_t_m2c: [-190.,-330.,1970.]
  obj_bb: [153, 27, 220, 225]
  obj_id: 1
122:
- cam_R_m2c: [-0.3681128525670688, -0.9295766092163741, -0.019500137761670533, -0.589103708546878, 0.24940873952748446, -0.7686039950609329, 0.7193398003386512, -0.27144540564375014, -0.6394275904304173]
  cam_t_m2c: [-190.,-330.,1970.]
  obj_bb: [148, 22, 225, 234]
  obj_id: 1
123:
- cam_R_m2c: [-0.3681128525670688, -0.9295766092163741, -0.019500137761670533, -0.589103708546878, 0.24940873952748446, -0.7686039950609329, 0.7193398003386512, -0.27144540564375014, -0.6394275904304173]
  cam_t_m2c: [-210.,-330.,1970.]
  obj_bb: [141, 22, 224, 234]
  obj_id: 1
124:
- cam_R_m2c: [-0.3681128525670688, -0.9283281050764761, -0.051960149153505275, -0.589103708546878, 0.27610535086002164, -0.7594225805194229, 0.7193398003386512, -0.24894329585587038, -0.6485194577629618]
  cam_t_m2c: [-230.,-330.,1970.]
  obj_bb: [132, 19, 226, 238]
  obj_id: 1
125:
- cam_R_m2c: [0.8800367553350505, 0.44404932467389874, -0.1683909335920759, 0.13938412895876287, -0.5804695343312882, -0.8022637872343638, -0.45399049973954675, 0.6825505966372544, -0.5727279538981528]
  cam_t_m2c: [ 160., -50.,1530.]
  obj_bb: [235, 73, 260, 319]
  obj_id: 1
126:
- cam_R_m2c: [0.9334382376763479, -0.27395632086698246, 0.23160524756727938, -0.01629322504512165, -0.6773203221704062, -0.7355077919319456, 0.35836794954530027, 0.6827775006779325, -0.6367003198575394]
  cam_t_m2c: [ 170.,-350.,3050.]
  obj_bb: [295, 90, 136, 156]
  obj_id: 1
127:
- cam_R_m2c: [0.9334382376763479, -0.27395632086698246, 0.23160524756727938, -0.01629322504512165, -0.6773203221704062, -0.7355077919319456, 0.35836794954530027, 0.6827775006779325, -0.6367003198575394]
  cam_t_m2c: [ 140.,-350.,3050.]
  obj_bb: [289, 90, 135, 156]
  obj_id: 1
128:
- cam_R_m2c: [0.9334382376763479, -0.27395632086698246, 0.23160524756727938, -0.01629322504512165, -0.6773203221704062, -0.7355077919319456, 0.35836794954530027, 0.6827775006779325, -0.6367003198575394]
  cam_t_m2c: [ 110.,-310.,3050.]
  obj_bb: [284, 98, 134, 156]
  obj_id: 1
129:
- cam_R_m2c: [0.06447757944137246, 0.997766910733799, 0.017430823104863602, 0.3427413132262013, -0.005737212267772518, -0.9394123038386146, -0.9372145079742207, 0.06654529465053158, -0.3423458628383195]
  cam_t_m2c: [ 340., 240.,3060.]
  obj_bb: [330, 225, 133, 128]
  obj_id: 1
130:
- cam_R_m2c: [0.06447757944137246, 0.997766910733799, 0.017430823104863602, 0.3427413132262013, -0.005737212267772518, -0.9394123038386146, -0.9372145079742207, 0.06654529465053158, -0.3423458628383195]
  cam_t_m2c: [ 340., 240.,3060.]
  obj_bb: [330, 225, 133, 128]
  obj_id: 1
131:
- cam_R_m2c: [0.06447757944137246, 0.997766910733799, 0.017430823104863602, 0.3427413132262013, -0.005737212267772518, -0.9394123038386146, -0.9372145079742207, 0.06654529465053158, -0.3423458628383195]
  cam_t_m2c: [ 340., 230.,3060.]
  obj_bb: [330, 223, 133, 128]
  obj_id: 1
132:
- cam_R_m2c: [0.06447757944137246, 0.997766910733799, 0.017430823104863602, 0.3427413132262013, -0.005737212267772518, -0.9394123038386146, -0.9372145079742207, 0.06654529465053158, -0.3423458628383195]
  cam_t_m2c: [ 340., 210.,3060.]
  obj_bb: [330, 219, 133, 128]
  obj_id: 1
133:
- cam_R_m2c: [0.06447757944137246, 0.997766910733799, 0.017430823104863602, 0.3427413132262013, -0.005737212267772518, -0.9394123038386146, -0.9372145079742207, 0.06654529465053158, -0.3423458628383195]
  cam_t_m2c: [ 340., 190.,3060.]
  obj_bb: [330, 215, 133, 127]
  obj_id: 1
134:
- cam_R_m2c: [0.06447757944137246, 0.9965507711370694, 0.05224176772941205, 0.3427413132262013, 0.027051299287031344, -0.9390402650658077, -0.9372145079742207, 0.07845245536626495, -0.33981491769733085]
  cam_t_m2c: [ 340., 180.,3060.]
  obj_bb: [328, 212, 136, 128]
  obj_id: 1
135:
- cam_R_m2c: [0.06447757944137246, 0.9965507711370694, 0.05224176772941205, 0.3427413132262013, 0.027051299287031344, -0.9390402650658077, -0.9372145079742207, 0.07845245536626495, -0.33981491769733085]
  cam_t_m2c: [ 340., 170.,3060.]
  obj_bb: [328, 210, 136, 128]
  obj_id: 1
136:
- cam_R_m2c: [0.06447757944137246, 0.9965507711370694, 0.05224176772941205, 0.3427413132262013, 0.027051299287031344, -0.9390402650658077, -0.9372145079742207, 0.07845245536626495, -0.33981491769733085]
  cam_t_m2c: [ 340., 150.,3060.]
  obj_bb: [328, 206, 136, 128]
  obj_id: 1
137:
- cam_R_m2c: [0.06447757944137246, 0.9965507711370694, 0.05224176772941205, 0.3427413132262013, 0.027051299287031344, -0.9390402650658077, -0.9372145079742207, 0.07845245536626495, -0.33981491769733085]
  cam_t_m2c: [ 330., 150.,3060.]
  obj_bb: [326, 206, 136, 128]
  obj_id: 1
138:
