0:
- cam_R_m2c: [-0.53280002, 0.81709999,-0.2203    ,-0.76529998,-0.35420001, 0.53750002,
 -0.36109999,-0.45500001,-0.81400001]
  cam_t_m2c: [-4.31010008,-1.39979994,31.57189941]
  obj_bb: [176,156,128,117]
  obj_id: 1
1:
- cam_R_m2c: [ 0.79759997, 0.0957    , 0.59549999,-0.0358    ,-0.9781    , 0.2052    ,
 -0.60210001, 0.185     , 0.77670002]
  cam_t_m2c: [-11.18410015,  0.24079999, 28.62579918]
  obj_bb: [219,108, 79,111]
  obj_id: 1
2:
- cam_R_m2c: [ 0.0451    , 0.91399997, 0.4032    , 0.98799998, 0.0189    ,-0.1532    ,
  0.1476    ,-0.40529999, 0.90219998]
  cam_t_m2c: [-6.29500008, 1.61930001,29.20100021]
  obj_bb: [192,163,151, 74]
  obj_id: 1
3:
- cam_R_m2c: [-0.2422    ,-0.81410003,-0.52789998, 0.77679998, 0.16329999,-0.60820001,
 -0.58130002, 0.55729997,-0.59280002]
  cam_t_m2c: [ 6.13019991,-0.1151    ,31.04710007]
  obj_bb: [196,263,125, 80]
  obj_id: 1
4:
- cam_R_m2c: [ 0.34740001, 0.1135    , 0.93080002,-0.4817    ,-0.8301    , 0.28099999,
 -0.8046    , 0.546     , 0.23360001]
  cam_t_m2c: [-2.98140001, 0.83710003,28.4015007 ]
  obj_bb: [197,200,120, 72]
  obj_id: 1
5:
- cam_R_m2c: [ 0.6006    , 0.52340001, 0.60439998, 0.75379997,-0.1185    ,-0.64639997,
  0.2667    ,-0.84380001, 0.4657    ]
  cam_t_m2c: [-10.80249977, -0.44980001, 31.63080025]
  obj_bb: [185,111,118,114]
  obj_id: 1
6:
- cam_R_m2c: [-0.27779999,-0.72909999,-0.62550002, 0.95959997,-0.24070001,-0.14569999,
  0.0443    , 0.64069998,-0.7665    ]
  cam_t_m2c: [-4.6315999 ,-0.54049999,30.34939957]
  obj_bb: [177,174,150, 87]
  obj_id: 1
7:
- cam_R_m2c: [ 0.0046    , 0.9835    , 0.18089999, 0.96359998, 0.044     ,-0.26359999,
  0.26719999,-0.17560001, 0.94749999]
  cam_t_m2c: [-1.32679999,-0.50800002,28.97730064]
  obj_bb: [172,205,149, 72]
  obj_id: 1
8:
- cam_R_m2c: [-0.77340001,-0.59280002, 0.2244    , 0.4919    ,-0.338     , 0.80229998,
  0.3998    ,-0.73100001,-0.55309999]
  cam_t_m2c: [-2.49359989,-1.71060002,31.37879944]
  obj_bb: [187,176,100,129]
  obj_id: 1
9:
- cam_R_m2c: [-0.87699997,-0.4032    ,-0.26140001,-0.43689999, 0.8955    , 0.0846    ,
 -0.2       ,-0.1884    , 0.96149999]
  cam_t_m2c: [-4.43310022, 1.89209998,30.1935997 ]
  obj_bb: [214,141,108,147]
  obj_id: 1
10:
- cam_R_m2c: [-0.0903    ,-0.7701    , 0.63150001,-0.60420001,-0.46169999,-0.64950001,
 -0.79170001, 0.4402    , 0.4235    ]
  cam_t_m2c: [-3.50580001, 1.33270001,31.50939941]
  obj_bb: [202,186,111, 75]
  obj_id: 1
11:
- cam_R_m2c: [-0.46090001,-0.61650002,-0.63840002, 0.84890002,-0.51599997,-0.1146    ,
  0.2588    , 0.59469998,-0.76109999]
  cam_t_m2c: [ 3.27589989, 0.2561    ,30.81279945]
  obj_bb: [185,232,141,110]
  obj_id: 1
12:
- cam_R_m2c: [-0.27970001, 0.6243    , 0.72939998, 0.77469999,-0.30199999, 0.55549997,
 -0.56709999,-0.72049999, 0.39919999]
  cam_t_m2c: [-9.55000019, 1.77699995,29.95389938]
  obj_bb: [210,120,135,100]
  obj_id: 1
13:
- cam_R_m2c: [ 0.0992    , 0.25119999, 0.96280003,-0.0843    , 0.96630001,-0.24339999,
  0.99150002, 0.057     ,-0.117     ]
  cam_t_m2c: [ 5.31790018,-1.01450002,31.19879913]
  obj_bb: [207,283, 80, 46]
  obj_id: 1
14:
- cam_R_m2c: [-0.56510001, 0.184     ,-0.80419999,-0.091     ,-0.98280001,-0.161     ,
  0.81999999, 0.0178    ,-0.57209998]
  cam_t_m2c: [ 3.89700007,-0.197     ,31.6923008 ]
  obj_bb: [222,239, 76,112]
  obj_id: 1
15:
- cam_R_m2c: [-0.2041    ,-0.1506    ,-0.9673    , 0.64600003,-0.76319999,-0.0175    ,
  0.73559999, 0.62840003,-0.25310001]
  cam_t_m2c: [-9.34200001,-1.5323    ,28.80540085]
  obj_bb: [164,147,140, 37]
  obj_id: 1
16:
- cam_R_m2c: [ 0.8531    ,-0.1266    ,-0.50620002, 0.49770001, 0.48890001, 0.71640003,
 -0.1568    , 0.86309999,-0.48010001]
  cam_t_m2c: [ 8.26229954, 0.76190001,29.74349976]
  obj_bb: [207,257,108,151]
  obj_id: 1
17:
- cam_R_m2c: [ 0.4975    , 0.42739999, 0.75480002,-0.8035    ,-0.1009    , 0.58670002,
 -0.32699999, 0.89840001,-0.29319999]
  cam_t_m2c: [ 0.47940001, 1.29530001,28.63689995]
  obj_bb: [197,206,139,111]
  obj_id: 1
18:
- cam_R_m2c: [-0.75520003,-0.44980001, 0.47670001,-0.30970001,-0.39610001,-0.86440003,
 -0.57770002, 0.80049998,-0.15989999]
  cam_t_m2c: [-11.91429996, -0.43149999, 28.70409966]
  obj_bb: [204, 53, 87,170]
  obj_id: 1
19:
- cam_R_m2c: [-0.4982    , 0.8488    ,-0.177     , 0.73009998, 0.52079999, 0.44229999,
 -0.46759999,-0.0911    , 0.87919998]
  cam_t_m2c: [-0.1022    ,-1.46350002,31.72629929]
  obj_bb: [187,195,123,108]
  obj_id: 1
20:
- cam_R_m2c: [ 0.484     , 0.69819999, 0.52749997, 0.71270001,-0.66430002, 0.2254    ,
 -0.50770003,-0.2669    , 0.81910002]
  cam_t_m2c: [ 2.19989991,-0.34940001,29.13920021]
  obj_bb: [192,222,136,119]
  obj_id: 1
21:
- cam_R_m2c: [ 0.1161    ,-0.99110001, 0.0655    ,-0.80180001,-0.13240001,-0.58270001,
 -0.5862    ,-0.0152    , 0.81      ]
  cam_t_m2c: [-0.72250003,-1.36240005,28.43029976]
  obj_bb: [161,215,142, 82]
  obj_id: 1
22:
- cam_R_m2c: [ 0.0572    ,-0.15800001, 0.98580003,-0.86870003, 0.4788    , 0.12710001,
  0.4921    , 0.86360002, 0.1099    ]
  cam_t_m2c: [ 6.01300001, 0.2009    ,31.5060997 ]
  obj_bb: [192,288,139, 45]
  obj_id: 1
23:
- cam_R_m2c: [ 0.71490002, 0.0537    , 0.6972    , 0.36790001, 0.81900001,-0.44029999,
  0.59460002,-0.57120001,-0.56580001]
  cam_t_m2c: [-8.43080044, 0.73030001,29.91119957]
  obj_bb: [203, 99,103,145]
  obj_id: 1
24:
- cam_R_m2c: [ 0.39449999,-0.8847    ,-0.2485    , 0.50199997, 0.43399999,-0.74809998,
 -0.76969999,-0.17039999,-0.6153    ]
  cam_t_m2c: [ 4.4302001 , 0.68550003,29.39340019]
  obj_bb: [214,242,112,122]
  obj_id: 1
25:
- cam_R_m2c: [-0.4014    , 0.0878    ,-0.91170001, 0.9012    , 0.2159    ,-0.3759    ,
 -0.1638    , 0.97250003, 0.16580001]
  cam_t_m2c: [ 3.61420012, 1.45120001,30.01040077]
  obj_bb: [194,243,146, 81]
  obj_id: 1
26:
- cam_R_m2c: [ 0.0357    ,-0.80000001, 0.59890002,-0.99940002,-0.0277    , 0.0225    ,
  0.0014    , 0.59939998, 0.80049998]
  cam_t_m2c: [-4.95100021,-0.1679    ,29.96450043]
  obj_bb: [178,187,153, 61]
  obj_id: 1
27:
- cam_R_m2c: [-0.61400002, 0.48730001, 0.62089998,-0.26409999, 0.61440003,-0.74339998,
  0.74379998, 0.62050003, 0.24860001]
  cam_t_m2c: [-2.6335001 ,-1.41100001,31.51930046]
  obj_bb: [207,185, 78,111]
  obj_id: 1
28:
- cam_R_m2c: [ 0.98760003,-0.1506    , 0.0445    , 0.1568    , 0.9605    ,-0.23      ,
  0.0081    ,-0.2341    ,-0.97219998]
  cam_t_m2c: [ 2.7572999 ,-1.23950005,30.72019958]
  obj_bb: [202,204, 81,148]
  obj_id: 1
29:
- cam_R_m2c: [-0.099     ,-0.82410002,-0.55779999,-0.6024    ,-0.39649999, 0.69279999,
  0.792     ,-0.40459999, 0.45719999]
  cam_t_m2c: [ 7.84189987, 1.11220002,28.67250061]
  obj_bb: [214,281,127,103]
  obj_id: 1
30:
- cam_R_m2c: [-0.72310001,-0.38690001, 0.57209998, 0.25409999,-0.91930002,-0.30050001,
 -0.64219999, 0.0719    ,-0.76310003]
  cam_t_m2c: [11.11009979, 0.68769997,31.98340034]
  obj_bb: [221,291, 91,100]
  obj_id: 1
31:
- cam_R_m2c: [-0.1487    , 0.86760002,-0.4745    , 0.72799999,-0.2287    ,-0.64630002,
  0.6692    , 0.44159999, 0.59759998]
  cam_t_m2c: [-4.15479994, 0.21259999,31.34860039]
  obj_bb: [189,184,120, 72]
  obj_id: 1
32:
- cam_R_m2c: [ 0.0387    , 0.97790003,-0.20550001, 0.90499997,-0.1215    ,-0.40759999,
  0.42359999, 0.17020001, 0.8897    ]
  cam_t_m2c: [-4.70709991, 0.2418    ,31.18029976]
  obj_bb: [184,173,134, 76]
  obj_id: 1
33:
- cam_R_m2c: [-0.0028    , 0.91530001,-0.40279999,-0.99180001, 0.0489    , 0.118     ,
 -0.1277    ,-0.3998    ,-0.9077    ]
  cam_t_m2c: [ 4.09110022,-0.1768    ,28.56369972]
  obj_bb: [173,255,160, 72]
  obj_id: 1
34:
- cam_R_m2c: [ 0.78789997,-0.47549999,-0.39140001,-0.55440003,-0.82440001,-0.1144    ,
  0.26820001,-0.3071    , 0.9131    ]
  cam_t_m2c: [-5.86870003, 0.1846    ,29.2465992 ]
  obj_bb: [200,125,123,147]
  obj_id: 1
35:
- cam_R_m2c: [ 0.4923    , 0.56029999, 0.66610003, 0.68769997,-0.71950001, 0.097     ,
 -0.53359997,-0.41029999, 0.73949999]
  cam_t_m2c: [10.87279987, 1.3642    ,29.02490044]
  obj_bb: [207,291,138,140]
  obj_id: 1
36:
- cam_R_m2c: [ 0.0444    , 0.18179999, 0.98229998, 0.8301    , 0.54040003,-0.1375    ,
  0.55580002,-0.8215    , 0.1269    ]
  cam_t_m2c: [-8.54139996, 1.85959995,31.69519997]
  obj_bb: [198,158,132, 51]
  obj_id: 1
37:
- cam_R_m2c: [-0.39120001,-0.1193    ,-0.91259998, 0.72659999,-0.64859998,-0.22669999,
  0.56489998, 0.75169998,-0.34040001]
  cam_t_m2c: [-11.67770004, -0.9878    , 31.81100082]
  obj_bb: [177,134,130, 53]
  obj_id: 1
38:
- cam_R_m2c: [-0.0176    ,-0.95910001, 0.28259999,-0.84109998,-0.13860001,-0.52280003,
 -0.5406    , 0.24690001, 0.80419999]
  cam_t_m2c: [-2.77559996, 1.82529998,29.7317009 ]
  obj_bb: [196,193,133, 74]
  obj_id: 1
39:
- cam_R_m2c: [-0.41690001,-0.16339999,-0.89410001,-0.75230002, 0.6142    , 0.2385    ,
 -0.51020002,-0.77209997, 0.37900001]
  cam_t_m2c: [ 8.41030025,-0.59429997,28.72550011]
  obj_bb: [172,291,142, 67]
  obj_id: 1
40:
- cam_R_m2c: [ 0.80119997,-0.41440001,-0.43180001, 0.27669999,-0.38330001, 0.88120002,
  0.53060001, 0.82550001, 0.19239999]
  cam_t_m2c: [ 3.55780005,-0.96679997,28.67490005]
  obj_bb: [206,211, 81,142]
  obj_id: 1
41:
- cam_R_m2c: [ 0.0748    ,-0.0662    ,-0.995     ,-0.2802    , 0.9562    ,-0.0847    ,
 -0.95700002,-0.28510001,-0.0529    ]
  cam_t_m2c: [10.57320023, 1.58130002,31.48329926]
  obj_bb: [214,310, 89, 77]
  obj_id: 1
42:
- cam_R_m2c: [-0.74019998,-0.1989    ,-0.64230001,-0.64170003,-0.0762    , 0.76310003,
  0.2008    ,-0.977     , 0.0713    ]
  cam_t_m2c: [-8.5333004 ,-0.0176    ,31.03680038]
  obj_bb: [204,121,109,123]
  obj_id: 1
43:
- cam_R_m2c: [-0.0689    ,-0.93510002, 0.34760001,-0.99669999, 0.0795    , 0.0161    ,
  0.0427    , 0.34540001, 0.9375    ]
  cam_t_m2c: [-2.0717001 ,-1.73909998,29.06279945]
  obj_bb: [162,204,154, 74]
  obj_id: 1
44:
- cam_R_m2c: [-0.0968    , 0.64609998, 0.75709999,-0.98710001, 0.0349    ,-0.156     ,
  0.12720001, 0.76249999,-0.63440001]
  cam_t_m2c: [ 0.0121    , 1.42770004,29.92060089]
  obj_bb: [191,222,157, 68]
  obj_id: 1
45:
- cam_R_m2c: [-0.30059999, 0.70550001,-0.64179999, 0.9461    , 0.13590001,-0.2938    ,
  0.1201    , 0.69559997, 0.70829999]
  cam_t_m2c: [ 5.56619978,-1.05700004,28.21999931]
  obj_bb: [161,254,157, 95]
  obj_id: 1
46:
- cam_R_m2c: [-0.60030001, 0.39590001, 0.69489998, 0.0599    ,-0.84420002, 0.5327    ,
 -0.79750001,-0.36140001,-0.4831    ]
  cam_t_m2c: [-6.83039999, 1.22459996,30.11879921]
  obj_bb: [237,118, 74,137]
  obj_id: 1
47:
- cam_R_m2c: [-0.70749998,-0.4885    , 0.51069999,-0.59310001, 0.80339998,-0.0532    ,
  0.38429999, 0.3405    , 0.8581    ]
  cam_t_m2c: [ 4.91650009,-1.42309999,30.9151001 ]
  obj_bb: [186,238,118,134]
  obj_id: 1
48:
- cam_R_m2c: [-0.31940001,-0.94029999,-0.1176    , 0.77069998,-0.3299    , 0.54519999,
  0.55150002,-0.0835    ,-0.82999998]
  cam_t_m2c: [ 3.86910009, 0.2042    ,31.39410019]
  obj_bb: [187,242,128,104]
  obj_id: 1
49:
- cam_R_m2c: [ 0.0486    ,-0.98079997,-0.189     , 0.99019998, 0.0225    , 0.1375    ,
  0.13060001, 0.1938    ,-0.97229999]
  cam_t_m2c: [ 3.01069999, 0.0788    ,28.80800056]
  obj_bb: [175,245,157, 75]
  obj_id: 1
50:
- cam_R_m2c: [ 0.26840001,-0.0386    , 0.96249998, 0.8951    , 0.3793    ,-0.2344    ,
  0.35609999,-0.92449999,-0.1364    ]
  cam_t_m2c: [ 8.50039959, 1.91299999,28.04199982]
  obj_bb: [191,305,154, 62]
  obj_id: 1
51:
- cam_R_m2c: [-0.064     , 0.99790001,-0.007     , 0.95289999, 0.0632    , 0.29679999,
 -0.29660001,-0.0123    , 0.95490003]
  cam_t_m2c: [ 6.91830015, 0.1619    ,29.39310074]
  obj_bb: [189,278,146, 73]
  obj_id: 1
52:
- cam_R_m2c: [-0.59450001, 0.77420002,-0.21709999,-0.7999    ,-0.597     , 0.0616    ,
  0.0819    ,-0.2102    ,-0.97420001]
  cam_t_m2c: [ 1.11440003, 1.46089995,30.87299919]
  obj_bb: [202,203,137,121]
  obj_id: 1
53:
- cam_R_m2c: [ 0.1742    ,-0.30329999, 0.9368    ,-0.73650002,-0.67159998,-0.0805    ,
 -0.65359998, 0.676     , 0.34040001]
  cam_t_m2c: [-3.27659988, 1.04040003,29.32509995]
  obj_bb: [190,209,138, 52]
  obj_id: 1
54:
- cam_R_m2c: [-0.0233    , 0.7349    ,-0.6778    , 0.99760002,-0.0273    ,-0.0639    ,
  0.0655    , 0.67760003, 0.73250002]
  cam_t_m2c: [-6.99520016,-1.58899999,28.53249931]
  obj_bb: [158,152,162, 70]
  obj_id: 1
55:
- cam_R_m2c: [ 0.8118    ,-0.45070001,-0.3712    ,-0.50690001,-0.22849999,-0.8312    ,
 -0.28979999,-0.86290002, 0.41389999]
  cam_t_m2c: [11.14449978, 0.72820002,31.11339951]
  obj_bb: [207,279, 93,140]
  obj_id: 1
56:
- cam_R_m2c: [ 0.59810001,-0.7626    , 0.2465    , 0.69489998, 0.64660001, 0.31470001,
  0.39930001, 0.0169    ,-0.91670001]
  cam_t_m2c: [ 3.27220011,-0.1652    ,31.45960045]
  obj_bb: [186,224,126,114]
  obj_id: 1
57:
- cam_R_m2c: [ 0.33050001, 0.6753    , 0.65939999,-0.81489998, 0.55659997,-0.16159999,
  0.4761    , 0.48390001,-0.7342    ]
  cam_t_m2c: [10.94449997,-0.1591    ,30.91670036]
  obj_bb: [188,308,139, 70]
  obj_id: 1
58:
- cam_R_m2c: [-0.0723    , 0.80659997,-0.58660001,-0.87879997,-0.32969999,-0.345     ,
  0.47170001,-0.4905    ,-0.73269999]
  cam_t_m2c: [-0.60320002,-0.8779    ,31.45190048]
  obj_bb: [184,220,137, 64]
  obj_id: 1
59:
- cam_R_m2c: [-0.83420002, 0.52590001, 0.16599999,-0.1077    , 0.1398    ,-0.98430002,
  0.54079998, 0.83899999, 0.06      ]
  cam_t_m2c: [ 4.90850019,-0.0571    ,28.57049942]
  obj_bb: [230,227, 46,159]
  obj_id: 1
60:
- cam_R_m2c: [-0.0284    , 0.9989    ,-0.0361    ,-0.99959999,-0.0285    ,-0.0034    ,
  0.0044    ,-0.036     ,-0.9993    ]
  cam_t_m2c: [-11.78390026,  1.38979995, 28.21859932]
  obj_bb: [188,105,160, 78]
  obj_id: 1
61:
- cam_R_m2c: [-0.73890001,-0.58740002, 0.33019999,-0.26809999, 0.7058    , 0.65570003,
  0.6182    ,-0.39590001, 0.67900002]
  cam_t_m2c: [ 0.0648    ,-1.41869998,31.04210091]
  obj_bb: [209,199, 84,131]
  obj_id: 1
62:
- cam_R_m2c: [ 0.34779999, 0.93730003,-0.0202    ,-0.86720002, 0.3299    , 0.373     ,
 -0.3563    , 0.1122    ,-0.92760003]
  cam_t_m2c: [ 5.20440006, 0.75550002,28.69849968]
  obj_bb: [181,247,150,118]
  obj_id: 1
63:
- cam_R_m2c: [-0.39399999, 0.0888    ,-0.91479999,-0.71469998,-0.65539998, 0.24420001,
  0.57789999,-0.75010002,-0.32170001]
  cam_t_m2c: [-8.73330021, 1.82669997,30.20999908]
  obj_bb: [211,152,136, 59]
  obj_id: 1
64:
- cam_R_m2c: [ 0.39399999, 0.77200001, 0.49880001, 0.66570002, 0.1345    ,-0.73400003,
  0.63370001,-0.62129998, 0.46090001]
  cam_t_m2c: [ 8.5230999 , 1.57099998,31.43650055]
  obj_bb: [208,277,106, 88]
  obj_id: 1
65:
- cam_R_m2c: [-0.0289    ,-0.8818    ,-0.4707    ,-0.87589997, 0.2493    ,-0.41319999,
 -0.4817    ,-0.40040001, 0.77950001]
  cam_t_m2c: [-9.48550034, 1.02489996,29.4368    ]
  obj_bb: [186,122,143, 91]
  obj_id: 1
66:
- cam_R_m2c: [-0.0386    ,-0.8987    , 0.4368    ,-0.98680001,-0.0345    ,-0.1583    ,
 -0.1574    , 0.43720001, 0.88550001]
  cam_t_m2c: [ 0.29260001, 0.32319999,31.22369957]
  obj_bb: [185,228,143, 65]
  obj_id: 1
67:
- cam_R_m2c: [ 0.74669999,-0.65069997,-0.13779999, 0.35429999, 0.56449997,-0.74559999,
 -0.56290001,-0.5079    ,-0.65200001]
  cam_t_m2c: [ 4.62060022, 0.0346    ,28.23839951]
  obj_bb: [211,230,100,156]
  obj_id: 1
68:
- cam_R_m2c: [-0.43439999,-0.51980001,-0.73559999, 0.44819999, 0.5837    ,-0.6771    ,
 -0.78130001, 0.62379998, 0.0206    ]
  cam_t_m2c: [-2.06369996, 1.22350001,28.78800011]
  obj_bb: [215,171,113,113]
  obj_id: 1
69:
- cam_R_m2c: [ 0.2282    , 0.2256    , 0.94709998,-0.92589998, 0.35100001, 0.13950001,
  0.301     , 0.90880001,-0.289     ]
  cam_t_m2c: [ 5.93540001, 1.92929995,28.46890068]
  obj_bb: [196,281,158, 53]
  obj_id: 1
70:
- cam_R_m2c: [-0.88080001,-0.30739999, 0.3601    ,-0.1031    ,-0.61790001,-0.77950001,
 -0.4621    , 0.72369999,-0.5126    ]
  cam_t_m2c: [ 1.39569998, 1.94099998,30.85090065]
  obj_bb: [236,195, 64,140]
  obj_id: 1
71:
- cam_R_m2c: [-0.64399999, 0.42289999, 0.63749999, 0.4849    , 0.87019998,-0.0875    ,
  0.59179997,-0.25279999, 0.76550001]
  cam_t_m2c: [-6.10890007,-1.97619998,31.27869987]
  obj_bb: [176,162,113,103]
  obj_id: 1
72:
- cam_R_m2c: [ 0.89459997,-0.0133    , 0.44670001,-0.1849    , 0.89899999, 0.3971    ,
  0.4068    , 0.43779999,-0.8017    ]
  cam_t_m2c: [ 3.40989995, 1.81869996,30.99150085]
  obj_bb: [230,214, 87,132]
  obj_id: 1
73:
- cam_R_m2c: [ 0.2985    , 0.1139    , 0.94760001,-0.30469999, 0.95230001,-0.0185    ,
  0.90450001, 0.2832    ,-0.31900001]
  cam_t_m2c: [ 1.30999994,-1.66910005,29.53280067]
  obj_bb: [199,227, 96, 66]
  obj_id: 1
74:
- cam_R_m2c: [-0.18880001,-0.75669998, 0.62589997, 0.98180002,-0.1585    , 0.1045    ,
 -0.0202    ,-0.63419998,-0.77289999]
  cam_t_m2c: [ 4.50930023,-1.39429998,29.17480087]
  obj_bb: [163,257,156, 79]
  obj_id: 1
75:
- cam_R_m2c: [ 0.31299999,-0.94059998,-0.13169999,-0.75160003,-0.3301    , 0.5711    ,
  0.58060002, 0.0798    , 0.81029999]
  cam_t_m2c: [ 3.64720011, 1.7895    ,29.96769905]
  obj_bb: [214,237,136, 92]
  obj_id: 1
76:
- cam_R_m2c: [-0.53219998,-0.70709997,-0.46560001,-0.44330001,-0.2359    , 0.86479998,
  0.72130001,-0.66659999, 0.18790001]
  cam_t_m2c: [ 2.23280001,-0.86000001,31.64900017]
  obj_bb: [213,221, 85,117]
  obj_id: 1
77:
- cam_R_m2c: [ 0.5467    , 0.5352    ,-0.64399999, 0.82190001,-0.19599999, 0.53490001,
 -0.1601    , 0.82169998, 0.54699999]
  cam_t_m2c: [ 8.14509964, 1.08089995,31.17919922]
  obj_bb: [206,266,131,107]
  obj_id: 1
78:
- cam_R_m2c: [-0.8258    , 0.55790001,-0.0822    , 0.29190001, 0.54759997, 0.78420001,
 -0.48249999,-0.62360001, 0.61500001]
  cam_t_m2c: [-8.82339954,-1.5747    ,30.33090019]
  obj_bb: [208, 96, 82,153]
  obj_id: 1
79:
- cam_R_m2c: [ 0.0235    ,-0.8973    ,-0.44080001, 0.80729997,-0.2431    , 0.53780001,
  0.58969998, 0.36849999,-0.71859998]
  cam_t_m2c: [-4.00460005,-0.64469999,29.58679962]
  obj_bb: [174,176,140, 79]
  obj_id: 1
80:
- cam_R_m2c: [-0.0095    , 0.2022    , 0.97930002, 0.99980003,-0.0139    , 0.0125    ,
 -0.0162    ,-0.97920001, 0.20209999]
  cam_t_m2c: [-5.11429977, 1.16340005,28.43860054]
  obj_bb: [185,198,163, 30]
  obj_id: 1
81:
- cam_R_m2c: [ 0.0648    , 0.59170002,-0.8035    ,-0.66860002,-0.57200003,-0.47510001,
  0.74080002,-0.56800002,-0.3585    ]
  cam_t_m2c: [-6.17339993, 1.9691    ,29.08399963]
  obj_bb: [212,154,139, 78]
  obj_id: 1
82:
- cam_R_m2c: [ 0.70789999, 0.0799    ,-0.70179999,-0.27990001, 0.94400001,-0.1749    ,
 -0.64850003,-0.3202    ,-0.69059998]
  cam_t_m2c: [ 4.46239996, 1.30610001,30.4368    ]
  obj_bb: [212,237, 93,131]
  obj_id: 1
83:
- cam_R_m2c: [-0.0024    , 0.65039998,-0.75959998,-0.99830002, 0.0422    , 0.0393    ,
 -0.0576    ,-0.75840002,-0.64929998]
  cam_t_m2c: [11.08440018,-1.89880002,31.03650093]
  obj_bb: [164,314,149, 66]
  obj_id: 1
84:
- cam_R_m2c: [-0.0838    ,-0.7877    ,-0.6103    , 0.98470002,-0.1595    , 0.0707    ,
  0.1531    , 0.59500003,-0.78899997]
  cam_t_m2c: [-10.89179993,  0.5212    , 29.88809967]
  obj_bb: [184,133,153, 59]
  obj_id: 1
85:
- cam_R_m2c: [-0.0111    , 0.6638    ,-0.74779999,-0.99989998,-0.0098    , 0.0061    ,
  0.0033    ,-0.74790001,-0.6638    ]
  cam_t_m2c: [ 3.65890002,-0.52499998,28.47179985]
  obj_bb: [168,256,164, 63]
  obj_id: 1
86:
- cam_R_m2c: [ 0.68000001, 0.70029998,-0.21699999,-0.46399999, 0.18179999,-0.86699998,
  0.56770003,-0.69029999,-0.44859999]
  cam_t_m2c: [10.50870037,-1.65380001,29.92569923]
  obj_bb: [203,281, 88,118]
  obj_id: 1
87:
- cam_R_m2c: [ 0.54820001,-0.67629999, 0.4919    ,-0.78740001,-0.61559999, 0.0311    ,
 -0.2818    , 0.40439999, 0.87010002]
  cam_t_m2c: [-10.18060017, -0.75410002, 30.41410065]
  obj_bb: [179,124,137,103]
  obj_id: 1
88:
- cam_R_m2c: [-0.0076    , 0.47      , 0.88260001, 0.99989998,-0.0083    , 0.013     ,
 -0.0134    ,-0.88260001, 0.46990001]
  cam_t_m2c: [-11.84109974,  1.4497    , 31.14669991]
  obj_bb: [194,145,147, 33]
  obj_id: 1
89:
- cam_R_m2c: [-0.3964    ,-0.62169999, 0.67549998, 0.88309997,-0.057     , 0.4657    ,
  0.25099999,-0.78119999,-0.57160002]
  cam_t_m2c: [-5.94929981,-0.6814    ,28.27610016]
  obj_bb: [169,151,152,105]
  obj_id: 1
90:
- cam_R_m2c: [-0.007     , 0.71160001, 0.70249999, 0.99159998, 0.0958    ,-0.0871    ,
  0.1293    ,-0.69599998, 0.70630002]
  cam_t_m2c: [-5.33330011,-0.98119998,28.68180084]
  obj_bb: [165,181,159, 58]
  obj_id: 1
91:
- cam_R_m2c: [-0.1026    , 0.1063    ,-0.98900002, 0.99470001, 0.0164    ,-0.1014    ,
 -0.0054    , 0.99419999, 0.1074    ]
  cam_t_m2c: [11.95969963, 0.27860001,28.29990005]
  obj_bb: [174,336,167, 58]
  obj_id: 1
92:
- cam_R_m2c: [ 0.0157    , 0.54500002, 0.83829999,-0.6067    , 0.67159998,-0.42519999,
  0.79470003, 0.50199997,-0.34119999]
  cam_t_m2c: [-9.48330021,-1.44430006,29.4423008 ]
  obj_bb: [186,113,125, 99]
  obj_id: 1
93:
- cam_R_m2c: [ 0.403     , 0.0594    ,-0.91329998,-0.89920002, 0.21170001,-0.3831    ,
 -0.1706    ,-0.97549999,-0.13869999]
  cam_t_m2c: [ 6.41149998,-1.16419995,29.70870018]
  obj_bb: [170,267,146, 93]
  obj_id: 1
94:
- cam_R_m2c: [ 0.0074    ,-0.92750001,-0.37380001,-0.55919999, 0.30610001,-0.77039999,
 -0.829     ,-0.2147    , 0.51639998]
  cam_t_m2c: [ 6.07600021, 1.38540006,28.63439941]
  obj_bb: [199,272,112, 93]
  obj_id: 1
95:
- cam_R_m2c: [-0.89090002,-0.32069999,-0.32170001,-0.1375    , 0.86540002,-0.48179999,
 -0.43290001, 0.38499999, 0.81510001]
  cam_t_m2c: [ 7.14020014, 1.67490005,30.99790001]
  obj_bb: [225,244, 74,133]
  obj_id: 1
96:
- cam_R_m2c: [-0.7974    ,-0.56400001, 0.2149    , 0.38510001,-0.74959999,-0.53839999,
 -0.46470001, 0.34650001,-0.81489998]
  cam_t_m2c: [11.84329987, 0.1401    ,31.93790054]
  obj_bb: [212,290, 99,121]
  obj_id: 1
97:
- cam_R_m2c: [-0.1118    ,-0.73400003, 0.6699    , 0.95480001, 0.1074    , 0.27700001,
  0.2753    ,-0.6706    ,-0.68879998]
  cam_t_m2c: [ 9.79240036, 1.78799999,29.31209946]
  obj_bb: [194,307,150, 76]
  obj_id: 1
98:
- cam_R_m2c: [-0.59189999, 0.68059999,-0.43189999,-0.2317    , 0.36950001, 0.89990002,
 -0.77200001,-0.63270003, 0.061     ]
  cam_t_m2c: [ 8.08440018, 1.96860003,28.67399979]
  obj_bb: [235,263, 70,112]
  obj_id: 1
99:
- cam_R_m2c: [ 0.73619998, 0.0182    ,-0.67659998,-0.37419999, 0.84399998,-0.38440001,
 -0.56400001,-0.53609997,-0.62809998]
  cam_t_m2c: [-0.48010001, 1.42330003,29.66659927]
  obj_bb: [208,196,104,123]
  obj_id: 1
100:
- cam_R_m2c: [ 0.58590001, 0.80949998, 0.0376    , 0.76620001,-0.53820002,-0.35120001,
  0.264     ,-0.23459999, 0.93559998]
  cam_t_m2c: [ 0.48010001,-1.38880002,31.36669922]
  obj_bb: [176,197,130,116]
  obj_id: 1
101:
- cam_R_m2c: [-0.70950001, 0.69459999, 0.1189    , 0.51950002, 0.62949997,-0.57789999,
  0.4763    , 0.34819999, 0.80739999]
  cam_t_m2c: [-1.15910006, 0.0478    ,29.01910019]
  obj_bb: [187,181,118,136]
  obj_id: 1
102:
- cam_R_m2c: [-0.69889998, 0.64829999, 0.3021    , 0.1839    , 0.57099998,-0.80010003,
  0.69120002, 0.5036    , 0.5183    ]
  cam_t_m2c: [-2.06069994,-0.92369998,30.94300079]
  obj_bb: [199,181, 77,125]
  obj_id: 1
103:
- cam_R_m2c: [-0.0164    ,-0.95310003,-0.30219999, 0.53579998,-0.26359999, 0.8021    ,
  0.84420002, 0.1488    ,-0.51499999]
  cam_t_m2c: [ 3.58929992, 1.53199995,30.51029968]
  obj_bb: [212,253, 99, 82]
  obj_id: 1
104:
- cam_R_m2c: [-0.95649999,-0.1816    ,-0.22830001,-0.2351    , 0.0162    , 0.97180003,
  0.1728    ,-0.98320001, 0.0582    ]
  cam_t_m2c: [-2.96530008, 1.10290003,31.88509941]
  obj_bb: [241,161, 56,138]
  obj_id: 1
105:
- cam_R_m2c: [-0.26449999, 0.5557    ,-0.78820002,-0.96310002,-0.1104    , 0.2454    ,
 -0.0493    ,-0.824     ,-0.56440002]
  cam_t_m2c: [-9.21889973,-0.3836    ,29.06889915]
  obj_bb: [173,135,155, 76]
  obj_id: 1
106:
- cam_R_m2c: [ 0.98409998,-0.1469    , 0.0998    , 0.0727    , 0.84600002, 0.52819997,
  0.1621    , 0.5126    ,-0.84320003]
  cam_t_m2c: [ 3.33450007,-0.3867    ,31.34339905]
  obj_bb: [215,211, 71,145]
  obj_id: 1
107:
- cam_R_m2c: [-0.109     ,-0.3549    ,-0.9285    , 0.9641    ,-0.26530001,-0.0118    ,
  0.2422    , 0.89649999,-0.37099999]
  cam_t_m2c: [ 4.98979998, 0.19670001,29.26919937]
  obj_bb: [179,267,155, 71]
  obj_id: 1
108:
- cam_R_m2c: [ 0.13519999,-0.76969999, 0.6239    ,-0.1894    , 0.59799999, 0.77880001,
  0.97259998, 0.2235    , 0.0649    ]
  cam_t_m2c: [ 4.15990019, 1.71889997,28.66690063]
  obj_bb: [236,257, 89, 82]
  obj_id: 1
109:
- cam_R_m2c: [ 0.37130001, 0.847     , 0.3804    , 0.0867    ,-0.43959999, 0.89399999,
 -0.92439997, 0.29899999, 0.2366    ]
  cam_t_m2c: [-4.84469986, 0.83459997,31.9904995 ]
  obj_bb: [242,179, 59, 87]
  obj_id: 1
110:
- cam_R_m2c: [-0.90219998, 0.2013    ,-0.38150001, 0.2922    , 0.93580002,-0.1972    ,
 -0.31729999, 0.28940001, 0.90310001]
  cam_t_m2c: [10.85589981, 1.68649995,30.78520012]
  obj_bb: [222,276, 95,125]
  obj_id: 1
111:
- cam_R_m2c: [-0.77670002,-0.42559999,-0.46430001, 0.3624    , 0.301     ,-0.88209999,
 -0.51520002, 0.85339999, 0.0796    ]
  cam_t_m2c: [-7.66909981, 1.23559999,28.83889961]
  obj_bb: [222, 99, 88,157]
  obj_id: 1
112:
- cam_R_m2c: [-0.37090001, 0.6178    ,-0.69340003, 0.796     ,-0.17309999,-0.57999998,
  0.47830001, 0.76709998, 0.4276    ]
  cam_t_m2c: [-0.0597    , 1.16620004,29.24699974]
  obj_bb: [193,205,134, 99]
  obj_id: 1
113:
- cam_R_m2c: [ 0.8617    ,-0.2106    , 0.46160001, 0.34560001, 0.90979999,-0.23010001,
  0.37149999,-0.35780001,-0.8567    ]
  cam_t_m2c: [-7.01859999,-0.52240002,28.02249908]
  obj_bb: [189, 99,111,166]
  obj_id: 1
114:
- cam_R_m2c: [-0.65619999, 0.34650001,-0.67030001, 0.1106    ,-0.83450001,-0.53969997,
  0.7464    , 0.42829999,-0.50929999]
  cam_t_m2c: [ 3.77390003,-1.56369996,30.72970009]
  obj_bb: [196,230, 80,129]
  obj_id: 1
115:
- cam_R_m2c: [ 0.46970001,-0.2068    , 0.85829997,-0.54369998,-0.8337    , 0.0967    ,
 -0.69550002, 0.51209998, 0.50400001]
  cam_t_m2c: [11.01270008,-0.83969998,30.32110023]
  obj_bb: [183,297,120,136]
  obj_id: 1
116:
- cam_R_m2c: [ 0.8567    , 0.3364    ,-0.39089999, 0.1947    , 0.49090001, 0.84920001,
 -0.47760001, 0.80360001,-0.35510001]
  cam_t_m2c: [-6.90509987, 1.25660002,29.19650078]
  obj_bb: [231,125, 75,140]
  obj_id: 1
117:
- cam_R_m2c: [-0.72109997,-0.212     ,-0.65960002,-0.58829999,-0.3154    , 0.7446    ,
  0.36590001,-0.92500001,-0.1027    ]
  cam_t_m2c: [ 9.75800037,-1.50160003,31.15060043]
  obj_bb: [193,275,106,133]
  obj_id: 1
118:
- cam_R_m2c: [-0.49700001, 0.37029999,-0.78479999,-0.44549999,-0.88499999,-0.1354    ,
  0.74470001,-0.2823    ,-0.60479999]
  cam_t_m2c: [-9.3156004 ,-0.3502    ,28.17880058]
  obj_bb: [201,138,121, 76]
  obj_id: 1
119:
- cam_R_m2c: [-0.1211    , 0.57789999,-0.8071    , 0.0218    ,-0.81129998,-0.58420002,
  0.99239999, 0.0883    ,-0.0857    ]
  cam_t_m2c: [-11.60890007,  1.34029996, 31.22750092]
  obj_bb: [229,103, 77, 87]
  obj_id: 1
120:
- cam_R_m2c: [-0.18440001,-0.91100001, 0.36880001, 0.0598    , 0.3642    , 0.92940003,
  0.98100001,-0.1934    , 0.0127    ]
  cam_t_m2c: [ 1.84609997,-0.34920001,30.28470039]
  obj_bb: [222,236, 55, 94]
  obj_id: 1
121:
- cam_R_m2c: [-0.1111    , 0.98820001,-0.1057    ,-0.90280002,-0.0559    , 0.42640001,
 -0.4154    ,-0.1428    ,-0.89829999]
  cam_t_m2c: [-11.10200024,  0.51810002, 31.48579979]
  obj_bb: [188,111,132, 93]
  obj_id: 1
122:
- cam_R_m2c: [-0.3497    ,-0.90259999, 0.25119999, 0.82380003,-0.42390001,-0.37639999,
 -0.44620001,-0.0753    ,-0.89179999]
  cam_t_m2c: [-0.84930003, 0.18260001,31.77899933]
  obj_bb: [195,198,134, 98]
  obj_id: 1
123:
- cam_R_m2c: [-0.63209999, 0.32229999,-0.70459998,-0.53609997,-0.83850002, 0.0974    ,
  0.55949998,-0.4393    ,-0.70289999]
  cam_t_m2c: [11.05370045,-1.04100001,28.25      ]
  obj_bb: [191,287,126,161]
  obj_id: 1
124:
- cam_R_m2c: [ 0.71539998,-0.3114    ,-0.62550002,-0.69499999,-0.4095    ,-0.59100002,
  0.0721    ,-0.85750002, 0.50940001]
  cam_t_m2c: [-4.66820002,-0.1181    ,28.88999939]
  obj_bb: [187,142,129,134]
  obj_id: 1
125:
- cam_R_m2c: [-0.81950003, 0.4303    ,-0.3786    , 0.47369999, 0.88029999,-0.0249    ,
 -0.32260001, 0.1997    , 0.92519999]
  cam_t_m2c: [-6.2972002 , 1.46290004,30.24349976]
  obj_bb: [212,121,113,147]
  obj_id: 1
126:
- cam_R_m2c: [ 0.92930001, 0.0819    , 0.36000001,-0.0113    ,-0.96829998, 0.24950001,
 -0.36899999, 0.236     , 0.89899999]
  cam_t_m2c: [-9.56900024,-0.79960001,28.16900063]
  obj_bb: [212,103, 76,141]
  obj_id: 1
127:
- cam_R_m2c: [-0.25350001, 0.34450001,-0.90390003,-0.9436    ,-0.29390001, 0.15260001,
  0.2131    ,-0.89160001,-0.3996    ]
  cam_t_m2c: [-2.74850011, 1.87320006,30.57699966]
  obj_bb: [200,202,146, 64]
  obj_id: 1
128:
- cam_R_m2c: [-0.64399999,-0.74159998,-0.18799999, 0.75330001,-0.65750003, 0.0133    ,
  0.13349999, 0.1331    ,-0.98210001]
  cam_t_m2c: [-2.51410007,-1.5503    ,28.11269951]
  obj_bb: [166,166,149,136]
  obj_id: 1
129:
- cam_R_m2c: [-0.0641    ,-0.1745    ,-0.98259997, 0.84759998,-0.52920002, 0.0387    ,
  0.52670002, 0.83039999,-0.18189999]
  cam_t_m2c: [ 8.82339954,-0.35620001,29.21120071]
  obj_bb: [172,300,149, 79]
  obj_id: 1
130:
- cam_R_m2c: [-0.80580002, 0.1219    , 0.5794    ,-0.5905    ,-0.2386    ,-0.77100003,
 -0.0443    , 0.96340001,-0.2642    ]
  cam_t_m2c: [ 5.88780022, 0.0967    ,29.03319931]
  obj_bb: [201,242,114,139]
  obj_id: 1
131:
- cam_R_m2c: [-0.33610001, 0.91930002, 0.20469999, 0.59259999, 0.0374    , 0.8046    ,
 -0.73199999,-0.3917    , 0.55739999]
  cam_t_m2c: [ 4.98320007, 1.63740003,31.73410034]
  obj_bb: [228,246,104, 86]
  obj_id: 1
132:
- cam_R_m2c: [-0.70420003, 0.69230002,-0.1574    ,-0.70749998,-0.6656    , 0.2377    ,
 -0.0598    ,-0.27869999,-0.95850003]
  cam_t_m2c: [-5.62699986,-0.14390001,30.42000008]
  obj_bb: [192,138,129,132]
  obj_id: 1
133:
- cam_R_m2c: [ 0.0387    ,-0.99119997,-0.12630001, 0.9982    , 0.0325    , 0.0506    ,
  0.0461    , 0.12800001,-0.99070001]
  cam_t_m2c: [-7.37970018, 0.1099    ,31.78560066]
  obj_bb: [184,160,142, 71]
  obj_id: 1
134:
- cam_R_m2c: [-0.39480001, 0.91619998,-0.0692    , 0.3734    , 0.0912    ,-0.92320001,
  0.83950001, 0.39030001, 0.37810001]
  cam_t_m2c: [-6.06869984,-0.75480002,31.92720032]
  obj_bb: [199,167, 79, 87]
  obj_id: 1
135:
- cam_R_m2c: [ 0.7033    , 0.45030001, 0.55019999, 0.71079999,-0.4576    ,-0.5341    ,
 -0.0113    ,-0.76670003, 0.6419    ]
  cam_t_m2c: [ 1.02359998,-1.28719997,29.8757    ]
  obj_bb: [178,203,128,127]
  obj_id: 1
136:
- cam_R_m2c: [ 0.1091    ,-0.82099998,-0.56050003, 0.98549998, 0.0155    , 0.1692    ,
  0.1302    , 0.57080001,-0.8107    ]
  cam_t_m2c: [-5.00220013, 0.39989999,29.80130005]
  obj_bb: [180,173,154, 76]
  obj_id: 1
137:
- cam_R_m2c: [-0.37360001, 0.6171    , 0.6925    , 0.90109998, 0.0644    , 0.42879999,
 -0.22      ,-0.78420001, 0.5801    ]
  cam_t_m2c: [-2.12960005, 0.85820001,31.58239937]
  obj_bb: [200,193,135, 92]
  obj_id: 1
138:
- cam_R_m2c: [-0.43470001,-0.51130003,-0.7414    , 0.89889997,-0.1952    ,-0.3924    ,
 -0.0559    , 0.83700001,-0.54439998]
  cam_t_m2c: [ 6.25689983, 1.4734    ,31.3817997 ]
  obj_bb: [201,258,139,101]
  obj_id: 1
139:
- cam_R_m2c: [ 0.46149999,-0.55449998,-0.6925    , 0.52450001,-0.45899999, 0.71710002,
  0.7155    , 0.69419998,-0.0791    ]
  cam_t_m2c: [-11.73190022, -0.3222    , 28.35079956]
  obj_bb: [189, 65,118,144]
  obj_id: 1
140:
- cam_R_m2c: [ 0.1552    , 0.59630001,-0.78759998,-0.95819998,-0.103     ,-0.26679999,
  0.2403    ,-0.79610002,-0.55540001]
  cam_t_m2c: [ 1.37810004,-0.3874    ,31.17469978]
  obj_bb: [182,230,144, 67]
  obj_id: 1
141:
- cam_R_m2c: [-0.56870002, 0.50830001, 0.64670002,-0.69849998,-0.7137    ,-0.0534    ,
 -0.43439999, 0.48210001,-0.76090002]
  cam_t_m2c: [ 5.36189985,-1.35609996,29.73250008]
  obj_bb: [171,243,137,106]
  obj_id: 1
142:
- cam_R_m2c: [-0.0264    , 0.6419    ,-0.76630002,-0.33399999,-0.72820002,-0.59850001,
  0.94220001,-0.2402    ,-0.23360001]
  cam_t_m2c: [-7.52330017,-0.9364    ,29.32299995]
  obj_bb: [206,135,101, 85]
  obj_id: 1
143:
- cam_R_m2c: [-0.0355    , 0.94480002, 0.32570001,-0.98689997, 0.0182    ,-0.1602    ,
  0.1573    , 0.32710001,-0.93180001]
  cam_t_m2c: [-2.61010003, 0.75980002,30.94039917]
  obj_bb: [190,200,147, 68]
  obj_id: 1
144:
- cam_R_m2c: [ 0.0958    , 0.78310001, 0.61449999, 0.95499998, 0.1018    ,-0.27860001,
  0.2807    ,-0.61360002, 0.73809999]
  cam_t_m2c: [-4.26910019, 0.2128    ,31.70030022]
  obj_bb: [185,186,137, 70]
  obj_id: 1
145:
- cam_R_m2c: [-0.30270001, 0.94510001, 0.1227    , 0.87650001, 0.2256    , 0.42519999,
 -0.37419999,-0.23630001, 0.89670002]
  cam_t_m2c: [-3.57979989, 0.70169997,29.77409935]
  obj_bb: [198,168,142,103]
  obj_id: 1
146:
- cam_R_m2c: [-0.063     , 0.89469999,-0.44220001, 0.98559999,-0.0138    ,-0.1684    ,
  0.1567    , 0.4465    , 0.88099998]
  cam_t_m2c: [ 0.67570001,-1.85290003,29.66810036]
  obj_bb: [159,223,152, 71]
  obj_id: 1
147:
- cam_R_m2c: [-0.7008    ,-0.70289999,-0.1219    , 0.51889998,-0.3849    ,-0.7633    ,
 -0.4896    , 0.59810001,-0.63450003]
  cam_t_m2c: [-6.41580009, 0.44389999,31.92420006]
  obj_bb: [215,130,102,134]
  obj_id: 1
148:
- cam_R_m2c: [ 0.1583    , 0.79030001, 0.59200001, 0.0708    ,-0.60699999, 0.79149997,
 -0.9849    , 0.0834    , 0.152     ]
  cam_t_m2c: [ 7.48080015,-1.2766    ,29.8288002 ]
  obj_bb: [216,276, 68,112]
  obj_id: 1
149:
- cam_R_m2c: [ 0.34959999, 0.60640001, 0.71420002,-0.1963    ,-0.69800001, 0.68870002,
 -0.91610003, 0.3809    , 0.125     ]
  cam_t_m2c: [-5.9763999 ,-1.70539999,28.66600037]
  obj_bb: [189,169, 91, 82]
  obj_id: 1
150:
- cam_R_m2c: [-0.133     ,-0.78359997,-0.60689998,-0.97210002,-0.0164    , 0.2342    ,
  0.1934    ,-0.62110001, 0.75950003]
  cam_t_m2c: [-2.76090002,-0.9673    ,29.34219933]
  obj_bb: [175,192,150, 78]
  obj_id: 1
151:
- cam_R_m2c: [ 0.32049999, 0.8423    ,-0.43329999, 0.9314    ,-0.36359999,-0.018     ,
  0.1727    , 0.3978    , 0.90109998]
  cam_t_m2c: [ 4.65719986,-0.5316    ,31.62949944]
  obj_bb: [179,244,142, 89]
  obj_id: 1
152:
- cam_R_m2c: [-0.0177    , 0.57440001, 0.81840003, 0.86580002,-0.40059999, 0.2999    ,
 -0.50010002,-0.71380001, 0.49020001]
  cam_t_m2c: [ 1.9684    , 0.47440001,31.92180061]
  obj_bb: [197,246,135, 58]
  obj_id: 1
153:
- cam_R_m2c: [ 0.0162    ,-0.18189999, 0.98320001, 0.62120003,-0.7687    ,-0.1525    ,
 -0.78350002,-0.61320001,-0.1005    ]
  cam_t_m2c: [-5.29449987, 0.90960002,31.90979958]
  obj_bb: [210,184,122, 50]
  obj_id: 1
154:
- cam_R_m2c: [ 0.0685    ,-0.90829998,-0.4127    ,-0.4734    ,-0.3937    , 0.78789997,
  0.87819999,-0.14139999, 0.45699999]
  cam_t_m2c: [-4.09689999,-1.20239997,29.34160042]
  obj_bb: [206,165,103, 92]
  obj_id: 1
155:
- cam_R_m2c: [-0.67470002, 0.69910002,-0.2368    , 0.382     , 0.0561    ,-0.92250001,
  0.63160002, 0.71280003, 0.30489999]
  cam_t_m2c: [ 2.55439997,-1.63110006,31.9734993 ]
  obj_bb: [192,217, 80,127]
  obj_id: 1
156:
- cam_R_m2c: [-0.6092    ,-0.28740001,-0.73909998,-0.77920002, 0.0439    , 0.62519997,
  0.1473    ,-0.95679998, 0.2507    ]
  cam_t_m2c: [-5.72730017, 0.29609999,31.60890007]
  obj_bb: [202,152,122,109]
  obj_id: 1
157:
- cam_R_m2c: [ 0.54329997, 0.83950001, 0.0038    ,-0.60229999, 0.39289999,-0.69480002,
  0.5848    ,-0.3752    ,-0.7191    ]
  cam_t_m2c: [ 8.3781004 , 1.24740005,30.1685009 ]
  obj_bb: [213,267,119,109]
  obj_id: 1
158:
- cam_R_m2c: [ 0.26949999,-0.24160001, 0.93220001, 0.79530001, 0.60159999,-0.074     ,
  0.54299998,-0.76139998,-0.35429999]
  cam_t_m2c: [-2.98210001, 0.80549997,30.66869926]
  obj_bb: [187,186,136, 78]
  obj_id: 1
159:
- cam_R_m2c: [-0.48379999,-0.2552    ,-0.83719999, 0.64319998,-0.75239998,-0.1424    ,
  0.59350002, 0.60729998,-0.52810001]
  cam_t_m2c: [-9.64229965,-0.3057    ,31.34399986]
  obj_bb: [186,147,124, 66]
  obj_id: 1
160:
- cam_R_m2c: [-0.20550001,-0.70730001, 0.67629999,-0.1036    ,-0.67150003,-0.73369998,
 -0.97320002, 0.2208    ,-0.0648    ]
  cam_t_m2c: [ 7.6573    , 0.91159999,30.41160011]
  obj_bb: [221,290, 72, 76]
  obj_id: 1
161:
- cam_R_m2c: [-0.29120001, 0.91829997, 0.26809999,-0.91670001,-0.34799999, 0.1962    ,
 -0.2735    , 0.18870001,-0.94319999]
  cam_t_m2c: [-0.59439999, 1.9849    ,28.45409966]
  obj_bb: [193,193,156,105]
  obj_id: 1
162:
- cam_R_m2c: [-0.1055    , 0.97649997, 0.18790001, 0.85149997, 0.18629999,-0.4901    ,
  0.51359999,-0.1083    , 0.85119998]
  cam_t_m2c: [-3.25020003, 0.0259    ,31.28790092]
  obj_bb: [181,195,131, 71]
  obj_id: 1
163:
- cam_R_m2c: [-0.1846    ,-0.97729999,-0.104     ,-0.60350001, 0.1963    ,-0.77280003,
 -0.77569997, 0.0799    , 0.6261    ]
  cam_t_m2c: [ 7.47279978,-0.48460001,28.17630005]
  obj_bb: [175,283,122, 89]
  obj_id: 1
164:
- cam_R_m2c: [ 0.27270001, 0.95920002,-0.0746    ,-0.94550002, 0.25279999,-0.2051    ,
  0.1779    ,-0.1265    ,-0.97589999]
  cam_t_m2c: [-5.61889982, 1.16890001,29.8321991 ]
  obj_bb: [191,152,153,100]
  obj_id: 1
165:
- cam_R_m2c: [-0.8531    , 0.48429999,-0.19410001,-0.51990002,-0.75779998, 0.3942    ,
 -0.0438    ,-0.4373    ,-0.89829999]
  cam_t_m2c: [-7.26469994, 1.68799996,29.46750069]
  obj_bb: [213,116,117,147]
  obj_id: 1
166:
- cam_R_m2c: [ 0.2696    , 0.56339997, 0.78100002, 0.0392    , 0.8039    ,-0.5934    ,
  0.96219999,-0.19059999,-0.1946    ]
  cam_t_m2c: [-4.2572999 ,-1.86119998,31.50079918]
  obj_bb: [195,163, 72, 97]
  obj_id: 1
167:
- cam_R_m2c: [ 0.4258    ,-0.56840003, 0.704     ,-0.0282    ,-0.78600001,-0.61750001,
 -0.90439999,-0.2431    , 0.35069999]
  cam_t_m2c: [ 3.45160007, 1.10339999,28.77109909]
  obj_bb: [223,239, 81,123]
  obj_id: 1
168:
- cam_R_m2c: [-0.89850003,-0.40900001,-0.1593    , 0.43869999,-0.8265    ,-0.3527    ,
 -0.0125    , 0.38679999,-0.92210001]
  cam_t_m2c: [ 7.36509991, 0.90649998,30.69149971]
  obj_bb: [210,246,109,149]
  obj_id: 1
169:
- cam_R_m2c: [-0.42770001, 0.69459999,-0.57840002, 0.75650001, 0.62529999, 0.19159999,
 -0.4948    , 0.3556    , 0.79290003]
  cam_t_m2c: [ 7.51599979,-1.02779996,28.22660065]
  obj_bb: [179,266,144, 95]
  obj_id: 1
170:
- cam_R_m2c: [ 0.86870003, 0.0655    , 0.491     , 0.1118    , 0.93970001,-0.3233    ,
  0.48249999,-0.33579999,-0.8089    ]
  cam_t_m2c: [-9.19550037, 0.4691    ,30.77560043]
  obj_bb: [215, 94, 76,152]
  obj_id: 1
171:
- cam_R_m2c: [ 0.8836    , 0.0288    , 0.4675    , 0.46290001, 0.0975    ,-0.88099998,
  0.0709    ,-0.99479997,-0.0729    ]
  cam_t_m2c: [-3.42820001,-0.73430002,29.62719917]
  obj_bb: [201,151, 91,146]
  obj_id: 1
172:
- cam_R_m2c: [-0.81230003, 0.30329999,-0.4982    ,-0.25600001,-0.95289999,-0.1627    ,
  0.52399999, 0.0046    ,-0.85170001]
  cam_t_m2c: [-10.88160038,  1.62890005, 29.37490082]
  obj_bb: [225,104,102,119]
  obj_id: 1
173:
- cam_R_m2c: [-0.9289    , 0.2297    ,-0.29049999,-0.2802    , 0.0771    , 0.95679998,
 -0.2422    ,-0.9702    , 0.0073    ]
  cam_t_m2c: [-6.07450008, 0.88300002,29.1114006 ]
  obj_bb: [233,116, 65,160]
  obj_id: 1
174:
- cam_R_m2c: [-0.1715    , 0.58590001,-0.792     ,-0.9138    , 0.2058    , 0.35010001,
 -0.36809999,-0.78380001,-0.50010002]
  cam_t_m2c: [10.53289986, 0.86519998,31.71450043]
  obj_bb: [193,305,135, 65]
  obj_id: 1
175:
- cam_R_m2c: [-0.91070002, 0.37      , 0.1837    , 0.4129    , 0.79860002, 0.43790001,
 -0.0153    ,-0.4747    , 0.88      ]
  cam_t_m2c: [ 6.08400011,-1.13610005,28.12260056]
  obj_bb: [190,233,113,159]
  obj_id: 1
176:
- cam_R_m2c: [-0.57059997, 0.35339999, 0.74129999,-0.80680001,-0.0729    ,-0.58630002,
