0:
- cam_R_m2c: [-0.89219999, 0.32929999,-0.30899999,-0.0839    , 0.55129999, 0.82999998,
 -0.44369999,-0.7665    , 0.46430001]
  cam_t_m2c: [  10.92200041, 202.10500717,2116.94702148]
  obj_bb: [290,214, 88, 73]
  obj_id: 1
1:
- cam_R_m2c: [-0.5043    , 0.85009998,-0.1515    ,-0.75650001,-0.35030001, 0.55229998,
 -0.41639999,-0.39320001,-0.81980002]
  cam_t_m2c: [ 261.58700943, 172.8030014 ,2178.07998657]
  obj_bb: [313,210, 92, 89]
  obj_id: 1
2:
- cam_R_m2c: [ 0.81620002, 0.54449999, 0.19320001,-0.066     ,-0.24429999, 0.96740001,
 -0.574     , 0.80239999, 0.1635    ]
  cam_t_m2c: [ 220.20299911, 164.90100861,2375.20492554]
  obj_bb: [300,218, 83, 83]
  obj_id: 1
3:
- cam_R_m2c: [-0.65310001, 0.58710003, 0.47830001,-0.57840002,-0.79439998, 0.18520001,
 -0.4887    , 0.1557    ,-0.85839999]
  cam_t_m2c: [ 157.4849987 , 146.53599739,2319.87594604]
  obj_bb: [287,210, 78, 85]
  obj_id: 1
4:
- cam_R_m2c: [ 0.19660001, 0.83319998,-0.51679999, 0.866     , 0.0996    , 0.4901    ,
 -0.45989999, 0.54390001, 0.70200002]
  cam_t_m2c: [ -64.49200153, 128.05800438,2325.77392578]
  obj_bb: [275,210, 91, 64]
  obj_id: 1
5:
- cam_R_m2c: [-0.34400001,-0.93870002, 0.0219    ,-0.86140001, 0.3062    ,-0.4052    ,
 -0.37369999, 0.1583    , 0.91399997]
  cam_t_m2c: [  75.74999809, 186.73200607,2271.1630249 ]
  obj_bb: [279,240,101, 79]
  obj_id: 1
6:
- cam_R_m2c: [ 0.26530001, 0.9522    ,-0.1515    , 0.75870001,-0.30309999,-0.57660002,
  0.59500003,-0.038     , 0.8028    ]
  cam_t_m2c: [-165.42900085,  76.24599934,2475.43197632]
  obj_bb: [254,230, 90, 69]
  obj_id: 1
7:
- cam_R_m2c: [ 0.25549999,-0.86739999,-0.42699999,-0.90469998,-0.0587    ,-0.42199999,
 -0.34099999,-0.4941    , 0.79970002]
  cam_t_m2c: [ 238.44299316, 210.10499954,2209.58496094]
  obj_bb: [320,251, 95, 67]
  obj_id: 1
8:
- cam_R_m2c: [-0.0055    , 0.95959997, 0.2814    , 0.50510001, 0.2455    ,-0.82740003,
  0.86299998,-0.1376    , 0.48609999]
  cam_t_m2c: [ 147.86800385, 146.54000282,2395.91293335]
  obj_bb: [292,225, 84, 83]
  obj_id: 1
9:
- cam_R_m2c: [-0.75999999,-0.54820001, 0.34900001,-0.3123    , 0.77899998, 0.54369998,
  0.56999999,-0.30419999, 0.7633    ]
  cam_t_m2c: [-191.62900925,  75.46500206,2575.46203613]
  obj_bb: [244,199, 81, 78]
  obj_id: 1
10:
- cam_R_m2c: [-0.0848    , 0.71619999,-0.69270003, 0.32339999,-0.63779998,-0.69910002,
  0.9425    , 0.28330001, 0.17749999]
  cam_t_m2c: [ 174.0929985 , 157.1570015 ,2341.80603027]
  obj_bb: [306,240, 94, 74]
  obj_id: 1
11:
- cam_R_m2c: [ 0.4463    ,-0.29359999,-0.84539998, 0.1201    , 0.95569998,-0.26859999,
 -0.88679999,-0.0183    ,-0.46180001]
  cam_t_m2c: [ 161.41300201, 180.88600159,2245.43106079]
  obj_bb: [315,229, 83, 88]
  obj_id: 1
12:
- cam_R_m2c: [-0.31479999, 0.88800001,-0.33539999,-0.65810001,-0.45879999,-0.597     ,
  0.6839    ,-0.0328    ,-0.7288    ]
  cam_t_m2c: [-221.52599335,  80.45200348,2525.00106812]
  obj_bb: [258,230, 82, 69]
  obj_id: 1
13:
- cam_R_m2c: [-0.88590002,-0.0633    ,-0.45950001, 0.28920001,-0.84990001,-0.44049999,
  0.3626    , 0.52319998,-0.7712    ]
  cam_t_m2c: [ -49.56799984, 109.81599808,2487.3260498 ]
  obj_bb: [293,225, 59, 77]
  obj_id: 1
14:
- cam_R_m2c: [ 0.0523    ,-0.96899998,-0.24160001,-0.95730001, 0.0203    ,-0.28850001,
 -0.28439999,-0.2464    , 0.92650002]
  cam_t_m2c: [ 179.76499557,  78.01300049,2476.11801147]
  obj_bb: [309,230, 83, 58]
  obj_id: 1
15:
- cam_R_m2c: [ 0.0204    , 0.88700002, 0.46129999,-0.88459998, 0.23100001,-0.40509999,
  0.4659    , 0.3998    ,-0.78939998]
  cam_t_m2c: [ 206.19600296,  91.98699951,2540.81100464]
  obj_bb: [300,230, 68, 59]
  obj_id: 1
16:
- cam_R_m2c: [-0.52029997,-0.6135    , 0.5941    ,-0.25009999,-0.55559999,-0.79290003,
 -0.81660002, 0.56110001,-0.1356    ]
  cam_t_m2c: [ 191.11299515, 213.35800171,2079.95101929]
  obj_bb: [286,251,104, 80]
  obj_id: 1
17:
- cam_R_m2c: [ 0.0044    ,-0.95060003, 0.3105    , 0.99269998, 0.0415    , 0.1131    ,
  0.1204    ,-0.30770001,-0.94379997]
  cam_t_m2c: [ 307.50600815, 162.17899323,2395.20797729]
  obj_bb: [315,231, 81, 53]
  obj_id: 1
18:
- cam_R_m2c: [-0.1851    , 0.97189999, 0.14560001, 0.4434    , 0.2148    ,-0.87019998,
  0.87699997, 0.0965    , 0.4707    ]
  cam_t_m2c: [-242.89499283, 171.16699219,2191.92901611]
  obj_bb: [232,227, 93, 88]
  obj_id: 1
19:
- cam_R_m2c: [ 0.2131    , 0.23010001,-0.94950002,-0.91119999,-0.30379999,-0.2782    ,
  0.35249999,-0.92449999,-0.14489999]
  cam_t_m2c: [  94.4849968 , 154.99500275,2285.50704956]
  obj_bb: [294,231, 90, 70]
  obj_id: 1
20:
- cam_R_m2c: [ 0.68099999, 0.73189998, 0.0219    ,-0.41060001, 0.4064    ,-0.81629997,
  0.6063    ,-0.54689997,-0.57730001]
  cam_t_m2c: [ 151.24199867, 200.83599091,2099.8210144 ]
  obj_bb: [293,228, 97,106]
  obj_id: 1
21:
- cam_R_m2c: [ 0.90560001,-0.2104    , 0.36829999, 0.2719    ,-0.37869999,-0.8847    ,
 -0.3256    ,-0.90130001, 0.28569999]
  cam_t_m2c: [-120.37199974, 106.14700317,2495.33493042]
  obj_bb: [256,230, 69, 69]
  obj_id: 1
22:
- cam_R_m2c: [-0.29139999,-0.64200002, 0.70920002,-0.78469998,-0.26350001,-0.56099999,
 -0.54710001, 0.72000003, 0.42699999]
  cam_t_m2c: [ 126.68800354,  76.68499947,2480.35995483]
  obj_bb: [284,232, 87, 69]
  obj_id: 1
23:
- cam_R_m2c: [ 0.0661    , 0.2069    , 0.97610003,-0.99769998, 0.0257    , 0.0621    ,
  0.0122    , 0.97799999,-0.20819999]
  cam_t_m2c: [  30.51500082, 232.23300934,2104.82299805]
  obj_bb: [271,242, 91, 67]
  obj_id: 1
24:
- cam_R_m2c: [ 0.3125    ,-0.0542    ,-0.94840002, 0.0605    , 0.9975    ,-0.0371    ,
 -0.94800001, 0.0458    ,-0.315     ]
  cam_t_m2c: [ 155.93099594, 178.70800018,2314.97192383]
  obj_bb: [307,225, 81, 82]
  obj_id: 1
25:
- cam_R_m2c: [ 0.70370001, 0.208     ,-0.67930001, 0.68199998,-0.4657    , 0.56389999,
  0.1991    , 0.86009997, 0.46959999]
  cam_t_m2c: [-101.4109993 , 231.28499985,2091.3999939 ]
  obj_bb: [270,215, 87, 96]
  obj_id: 1
26:
- cam_R_m2c: [ 0.91180003, 0.2753    , 0.3046    ,-0.38609999, 0.3224    , 0.86430001,
 -0.1397    , 0.90570003,-0.4003    ]
  cam_t_m2c: [ 247.24500656, 250.22499084,2046.79595947]
  obj_bb: [306,218, 75, 99]
  obj_id: 1
27:
- cam_R_m2c: [ 0.68629998,-0.69      ,-0.2299    , 0.3017    , 0.55779999,-0.77319998,
 -0.66170001,-0.46129999,-0.59109998]
  cam_t_m2c: [-156.7539978 , 173.98000717,2198.86901855]
  obj_bb: [259,223, 91,103]
  obj_id: 1
28:
- cam_R_m2c: [-0.88919997, 0.30090001,-0.34450001, 0.41350001, 0.85089999,-0.324     ,
 -0.1957    , 0.4305    , 0.8811    ]
  cam_t_m2c: [ 299.82599258, 128.25200081,2459.43496704]
  obj_bb: [335,221, 70, 89]
  obj_id: 1
29:
- cam_R_m2c: [-0.64130002,-0.73280001,-0.22750001, 0.65710002,-0.37149999,-0.6559    ,
 -0.3962    , 0.57010001,-0.71969998]
  cam_t_m2c: [  45.84499836,  61.94699764,2545.27206421]
  obj_bb: [292,229, 79, 68]
  obj_id: 1
30:
- cam_R_m2c: [-0.0823    , 0.9964    ,-0.019     , 0.93879998, 0.0712    ,-0.3371    ,
  0.33450001, 0.0455    , 0.94129997]
  cam_t_m2c: [ 255.99599838, 222.49099731,2126.89300537]
  obj_bb: [314,252,100, 70]
  obj_id: 1
31:
- cam_R_m2c: [ 0.71429998, 0.41389999, 0.5643    ,-0.69340003, 0.30950001, 0.65069997,
 -0.0947    , 0.85610002,-0.50800002]
  cam_t_m2c: [ 277.76899338, 166.06100082,2320.04898071]
  obj_bb: [304,208, 75, 78]
  obj_id: 1
32:
- cam_R_m2c: [ 0.034     , 0.71450001, 0.69880003, 0.51849997, 0.5851    ,-0.62349999,
  0.85439998,-0.38350001, 0.3506    ]
  cam_t_m2c: [-157.9489994 , 147.31599808,2219.58404541]
  obj_bb: [238,225, 78, 95]
  obj_id: 1
33:
- cam_R_m2c: [ 0.58670002, 0.76209998,-0.27379999,-0.2352    , 0.48390001, 0.84289998,
 -0.77490002, 0.43020001,-0.4632    ]
  cam_t_m2c: [ 139.06900406, 194.9489975 ,2102.13302612]
  obj_bb: [300,208, 97, 90]
  obj_id: 1
34:
- cam_R_m2c: [-0.0054    , 0.44999999,-0.89300001,-0.97930002, 0.17820001, 0.0958    ,
 -0.2023    ,-0.87510002,-0.43970001]
  cam_t_m2c: [ 152.72100449, 150.44699669,2254.88998413]
  obj_bb: [300,225, 94, 70]
  obj_id: 1
35:
- cam_R_m2c: [ 0.3378    ,-0.51889998,-0.7852    ,-0.21619999, 0.76920003,-0.6013    ,
 -0.91600001,-0.37290001,-0.1476    ]
  cam_t_m2c: [  51.50400162,  88.08699608,2532.552948  ]
  obj_bb: [307,217, 70, 81]
  obj_id: 1
36:
- cam_R_m2c: [-0.62879997, 0.1903    , 0.75389999,-0.4711    ,-0.8646    ,-0.17470001,
 -0.61860001, 0.465     ,-0.63330001]
  cam_t_m2c: [ -37.18899965, 197.3390007 ,2214.49401855]
  obj_bb: [259,226, 83, 91]
  obj_id: 1
37:
- cam_R_m2c: [-0.91860002,-0.3405    , 0.2006    ,-0.3046    , 0.93339998, 0.1899    ,
  0.25189999,-0.1133    , 0.96109998]
  cam_t_m2c: [ -76.21600151,  65.19000053,2512.77496338]
  obj_bb: [264,199, 77, 89]
  obj_id: 1
38:
- cam_R_m2c: [ 0.2189    ,-0.73049998,-0.6469    , 0.97310001, 0.1145    , 0.2001    ,
  0.0721    , 0.67330003,-0.73589998]
  cam_t_m2c: [  64.53700066, 125.59200287,2422.02301025]
  obj_bb: [307,220, 73, 56]
  obj_id: 1
39:
- cam_R_m2c: [-0.2475    ,-0.96869999, 0.0192    , 0.39089999,-0.118     ,-0.91280001,
 -0.8865    , 0.2184    ,-0.40790001]
  cam_t_m2c: [ -29.38600063, 156.29199982,2337.96798706]
  obj_bb: [271,229, 84, 82]
  obj_id: 1
40:
- cam_R_m2c: [ 0.2243    ,-0.2366    ,-0.94529998,-0.92330003, 0.2586    ,-0.28380001,
 -0.31169999,-0.93650001, 0.1605    ]
  cam_t_m2c: [ 281.96199417, 184.10499573,2259.77905273]
  obj_bb: [328,237, 77, 81]
  obj_id: 1
41:
- cam_R_m2c: [-0.1935    ,-0.8549    , 0.48140001,-0.92229998,-0.0088    ,-0.38640001,
 -0.3346    , 0.51880002, 0.78670001]
  cam_t_m2c: [ 122.33799934, 239.60500717,2084.37805176]
  obj_bb: [277,256,101, 74]
  obj_id: 1
42:
- cam_R_m2c: [ 0.0159    , 0.89639997,-0.44299999, 0.83109999,-0.2581    ,-0.49250001,
  0.55580002, 0.36039999, 0.74910003]
  cam_t_m2c: [ -48.34700108, 169.0940094 ,2228.1199646 ]
  obj_bb: [275,242, 91, 79]
  obj_id: 1
43:
- cam_R_m2c: [-0.391     , 0.9059    ,-0.1628    ,-0.5808    ,-0.1055    , 0.80720001,
 -0.71399999,-0.41010001,-0.56739998]
  cam_t_m2c: [ -43.58500004, 115.97399712,2431.34002686]
  obj_bb: [276,208, 83, 79]
  obj_id: 1
44:
- cam_R_m2c: [-0.41999999,-0.86940002, 0.2604    ,-0.43090001, 0.4436    , 0.7859    ,
  0.79869998,-0.21789999, 0.56089997]
  cam_t_m2c: [ -95.12700081, 230.50800323,2088.8319397 ]
  obj_bb: [245,215,104, 82]
  obj_id: 1
45:
- cam_R_m2c: [ 0.61839998, 0.68559998, 0.38409999,-0.78189999, 0.48750001, 0.38859999,
 -0.0792    , 0.5406    ,-0.83749998]
  cam_t_m2c: [  69.48400021, 182.9529953 ,2135.45898438]
  obj_bb: [271,211, 89, 82]
  obj_id: 1
46:
- cam_R_m2c: [-0.40270001,-0.53079998,-0.7457    ,-0.58810002,-0.4743    , 0.65509999,
  0.7015    ,-0.70230001, 0.1212    ]
  cam_t_m2c: [ 197.49399185, 192.42300034,2174.70794678]
  obj_bb: [328,208, 79, 93]
  obj_id: 1
47:
- cam_R_m2c: [ 0.47170001, 0.87910002, 0.0687    , 0.8294    ,-0.41589999,-0.37310001,
  0.2994    ,-0.233     , 0.9253    ]
  cam_t_m2c: [  60.31300068,  69.29200172,2519.63500977]
  obj_bb: [279,220, 93, 77]
  obj_id: 1
48:
- cam_R_m2c: [ 0.8179    , 0.1514    , 0.55510002,-0.4921    , 0.6839    , 0.53860003,
  0.29809999, 0.7137    ,-0.63389999]
  cam_t_m2c: [-136.8789959 ,  93.70200157,2394.06799316]
  obj_bb: [253,197, 66, 78]
  obj_id: 1
49:
- cam_R_m2c: [-0.43259999, 0.78399998,-0.44510001,-0.1468    , 0.4258    , 0.89279997,
 -0.88950002,-0.45159999, 0.0692    ]
  cam_t_m2c: [ -17.579     , 229.1629982 ,2054.25094604]
  obj_bb: [279,217, 99, 83]
  obj_id: 1
50:
- cam_R_m2c: [ 0.0475    ,-0.9113    ,-0.40900001,-0.35409999, 0.36750001,-0.86000001,
 -0.93400002,-0.1857    , 0.30520001]
  cam_t_m2c: [  99.50799942, 220.86700439,2126.58096313]
  obj_bb: [301,231, 95, 96]
  obj_id: 1
51:
- cam_R_m2c: [ 0.2472    , 0.90549999,-0.345     ,-0.33050001,-0.2559    ,-0.9084    ,
  0.91079998,-0.33860001,-0.236     ]
  cam_t_m2c: [ 161.4509964 , 187.17100143,2117.9460144 ]
  obj_bb: [306,236, 91, 87]
  obj_id: 1
52:
- cam_R_m2c: [ 0.4382    , 0.89520001,-0.0811    , 0.59429997,-0.35620001,-0.72100002,
  0.67439997,-0.2678    , 0.68809998]
  cam_t_m2c: [-136.25300407, 173.64500046,2138.79196167]
  obj_bb: [244,242,109, 81]
  obj_id: 1
53:
- cam_R_m2c: [-0.1065    , 0.52179998, 0.84640002,-0.99430001,-0.0625    ,-0.0866    ,
 -0.0077    , 0.85079998,-0.52539998]
  cam_t_m2c: [ 279.04499054, 118.78399849,2503.09005737]
  obj_bb: [307,231, 74, 55]
  obj_id: 1
54:
- cam_R_m2c: [-0.0573    ,-0.8901    , 0.4522    ,-0.77560002,-0.2455    ,-0.58160001,
 -0.62870002, 0.38409999, 0.67619997]
  cam_t_m2c: [ -96.20800018, 216.93099976,2096.48300171]
  obj_bb: [243,251,100, 83]
  obj_id: 1
55:
- cam_R_m2c: [ 0.51700002, 0.57450002, 0.63450003,-0.72210002,-0.1053    , 0.68370003,
 -0.4596    , 0.81169999,-0.36050001]
  cam_t_m2c: [  -6.60700023, 166.33499146,2252.11303711]
  obj_bb: [259,216, 81, 81]
  obj_id: 1
56:
- cam_R_m2c: [-0.2112    ,-0.97659999,-0.0399    ,-0.97399998, 0.2137    ,-0.0746    ,
 -0.0814    ,-0.0231    , 0.9964    ]
  cam_t_m2c: [ 144.92300034, 107.22999573,2460.45806885]
  obj_bb: [297,221, 89, 71]
  obj_id: 1
57:
- cam_R_m2c: [ 0.1366    , 0.2216    ,-0.9655    , 0.12729999,-0.97049999,-0.20479999,
  0.9824    , 0.0949    , 0.16069999]
  cam_t_m2c: [  -3.62399995,  84.96199608,2458.58703613]
  obj_bb: [282,214, 77, 80]
  obj_id: 1
58:
- cam_R_m2c: [-0.25479999,-0.1057    , 0.9612    ,-0.0777    ,-0.98860002,-0.1293    ,
 -0.96390003, 0.1076    ,-0.2436    ]
  cam_t_m2c: [ 244.08899307, 214.55299377,2097.54898071]
  obj_bb: [307,229, 93, 93]
  obj_id: 1
59:
- cam_R_m2c: [ 0.0568    , 0.5783    , 0.81379998,-0.96249998,-0.1849    , 0.19859999,
 -0.26539999, 0.79460001,-0.54610002]
  cam_t_m2c: [ 165.81699371, 109.13100243,2507.78503418]
  obj_bb: [294,219, 69, 61]
  obj_id: 1
60:
- cam_R_m2c: [-0.345     ,-0.0767    , 0.93550003, 0.4777    , 0.84359998, 0.2454    ,
  0.80800003,-0.53149998, 0.2543    ]
  cam_t_m2c: [ 304.93999481, 121.16600037,2395.15106201]
  obj_bb: [316,203, 75, 90]
  obj_id: 1
61:
- cam_R_m2c: [ 0.1036    , 0.72359997,-0.68239999, 0.98940003,-0.0046    , 0.1453    ,
 -0.102     , 0.69019997, 0.71640003]
  cam_t_m2c: [ 178.5790062 , 202.06300735,2243.52401733]
  obj_bb: [306,235, 93, 67]
  obj_id: 1
62:
- cam_R_m2c: [-0.56410003, 0.32350001, 0.7597    ,-0.50239998, 0.59560001,-0.62669998,
  0.65530002, 0.73519999, 0.1734    ]
  cam_t_m2c: [-103.0039978 , 198.38300705,2151.02096558]
  obj_bb: [243,231, 86, 98]
  obj_id: 1
63:
- cam_R_m2c: [ 0.86870003, 0.2789    ,-0.40920001, 0.2402    ,-0.95990002,-0.1443    ,
  0.43309999,-0.0271    , 0.90090001]
  cam_t_m2c: [-156.06399536, 153.31299782,2211.8850708 ]
  obj_bb: [266,218, 82, 98]
  obj_id: 1
64:
- cam_R_m2c: [-0.1164    , 0.99229997,-0.0417    , 0.031     ,-0.0383    ,-0.99879998,
  0.99269998, 0.1176    , 0.0263    ]
  cam_t_m2c: [ 316.68600082, 112.41399765,2476.0609436 ]
  obj_bb: [322,221, 83, 72]
  obj_id: 1
65:
- cam_R_m2c: [-0.0652    , 0.18099999,-0.9813    , 0.95410001,-0.27689999,-0.1145    ,
  0.2924    , 0.94370002, 0.15459999]
  cam_t_m2c: [ 277.57699966, 101.57799721,2444.10293579]
  obj_bb: [319,222, 76, 74]
  obj_id: 1
66:
- cam_R_m2c: [ 0.72100002, 0.28709999,-0.63069999,-0.40329999,-0.56620002,-0.71880001,
  0.56349999,-0.7726    , 0.29249999]
  cam_t_m2c: [  65.53100109,  90.94200134,2438.22006226]
  obj_bb: [300,232, 80, 72]
  obj_id: 1
67:
- cam_R_m2c: [-0.8035    ,-0.2807    ,-0.52499998, 0.5456    , 0.0053    ,-0.838     ,
 -0.23800001, 0.9598    ,-0.1489    ]
  cam_t_m2c: [ -80.33699989,  94.83799934,2421.14395142]
  obj_bb: [291,220, 68, 80]
  obj_id: 1
68:
- cam_R_m2c: [ 0.0922    , 0.4005    , 0.91170001, 0.1345    , 0.90210003,-0.40990001,
  0.98659998,-0.1604    ,-0.0293    ]
  cam_t_m2c: [ 131.81900024, 214.34000015,2093.42895508]
  obj_bb: [283,233, 85, 98]
  obj_id: 1
69:
- cam_R_m2c: [ 0.1506    , 0.8707    ,-0.4682    ,-0.0423    ,-0.4675    ,-0.88300002,
  0.98769999,-0.15279999, 0.0336    ]
  cam_t_m2c: [ 255.9469986 , 226.7250061 ,2023.35601807]
  obj_bb: [319,248,103, 91]
  obj_id: 1
70:
- cam_R_m2c: [-0.1583    , 0.74599999,-0.6469    ,-0.97109997, 0.0009    , 0.2387    ,
 -0.1787    ,-0.66600001,-0.72420001]
  cam_t_m2c: [ 223.40400696,  97.48000145,2487.58102417]
  obj_bb: [313,219, 84, 52]
  obj_id: 1
71:
- cam_R_m2c: [-0.75520003,-0.36140001,-0.54680002,-0.52249998,-0.1717    , 0.8351    ,
  0.39570001,-0.91649997, 0.0592    ]
  cam_t_m2c: [-189.46899414,  75.31799793,2417.75604248]
  obj_bb: [270,199, 73, 81]
  obj_id: 1
72:
- cam_R_m2c: [-0.30500001, 0.58630002, 0.75050002, 0.9522    , 0.20280001, 0.2286    ,
  0.0182    ,-0.78430003, 0.62010002]
  cam_t_m2c: [ -67.88099766, 200.71800232,2145.10406494]
  obj_bb: [251,225, 79, 84]
  obj_id: 1
73:
- cam_R_m2c: [-0.68409997,-0.50319999, 0.528     , 0.2771    ,-0.84890002,-0.44999999,
 -0.67470002, 0.16159999,-0.7202    ]
  cam_t_m2c: [ 137.84500122, 215.88199615,2050.28594971]
  obj_bb: [281,237,100, 97]
  obj_id: 1
74:
- cam_R_m2c: [ 0.1207    ,-0.25260001,-0.95999998, 0.9788    ,-0.1311    , 0.1576    ,
  0.1656    , 0.9587    ,-0.2314    ]
  cam_t_m2c: [ -65.52199841, 162.59700775,2146.63101196]
  obj_bb: [273,226, 89, 72]
  obj_id: 1
75:
- cam_R_m2c: [-0.68830001,-0.64039999, 0.34079999, 0.2334    , 0.2493    , 0.93989998,
  0.68690002,-0.72640002, 0.0221    ]
  cam_t_m2c: [ -13.40399981, 212.4600029 ,2163.1539917 ]
  obj_bb: [258,219, 95, 80]
  obj_id: 1
76:
- cam_R_m2c: [ 0.2379    ,-0.90930003, 0.34150001, 0.71399999, 0.40200001, 0.57319999,
  0.65850002,-0.1075    ,-0.74489999]
  cam_t_m2c: [ 119.38400269, 205.89899063,2116.37695312]
  obj_bb: [281,213, 96, 79]
  obj_id: 1
77:
- cam_R_m2c: [-0.3863    ,-0.49880001,-0.77590001,-0.90390003, 0.0375    , 0.426     ,
  0.18340001,-0.86589998, 0.46540001]
  cam_t_m2c: [-104.34900284, 163.23600769,2185.24795532]
  obj_bb: [283,220, 78, 67]
  obj_id: 1
78:
- cam_R_m2c: [-0.63389999,-0.6268    ,-0.4531    ,-0.59200001, 0.77020001,-0.23720001,
 -0.49770001,-0.1179    , 0.85930002]
  cam_t_m2c: [  37.55300045, 215.12399673,2113.34594727]
  obj_bb: [289,228, 99,108]
  obj_id: 1
79:
- cam_R_m2c: [ 0.52939999, 0.6322    , 0.56580001, 0.29710001,-0.76279998, 0.57429999,
 -0.79460001, 0.13590001, 0.59170002]
  cam_t_m2c: [ 233.36200714, 186.84999466,2191.53198242]
  obj_bb: [293,209, 92, 95]
  obj_id: 1
80:
- cam_R_m2c: [ 0.0464    ,-0.75739998, 0.65130001, 0.7274    , 0.4725    , 0.49759999,
  0.6846    ,-0.45070001,-0.57279998]
  cam_t_m2c: [ 320.06500244, 166.05400085,2345.15396118]
  obj_bb: [312,210, 91, 75]
  obj_id: 1
81:
- cam_R_m2c: [-0.0039    , 0.4948    ,-0.86900002, 0.80220002,-0.51730001,-0.29820001,
  0.59710002, 0.69819999, 0.39489999]
  cam_t_m2c: [ -72.23700047, 133.62500191,2261.85699463]
  obj_bb: [268,224, 91, 92]
  obj_id: 1
82:
- cam_R_m2c: [ 0.76179999, 0.2951    , 0.57669997,-0.1469    , 0.94569999,-0.28979999,
  0.63099998,-0.13600001,-0.76380002]
  cam_t_m2c: [  17.91399956, 180.58700562,2110.83496094]
  obj_bb: [268,228, 75, 92]
  obj_id: 1
83:
- cam_R_m2c: [ 0.1913    ,-0.88630003, 0.4217    ,-0.27309999,-0.46070001,-0.84450001,
 -0.94279999,-0.0464    , 0.33019999]
  cam_t_m2c: [  85.34099579,  66.00200176,2499.17404175]
  obj_bb: [283,227, 80, 68]
  obj_id: 1
84:
- cam_R_m2c: [-0.8132    , 0.0623    ,-0.57870001,-0.38949999, 0.68059999, 0.62050003,
 -0.4325    ,-0.73000002, 0.52920002]
  cam_t_m2c: [-246.69799805, 166.69000626,2264.22897339]
  obj_bb: [265,205, 66, 88]
  obj_id: 1
85:
- cam_R_m2c: [ 0.1211    ,-0.0165    ,-0.99250001, 0.96170002,-0.24590001, 0.1214    ,
  0.24600001, 0.96920002, 0.0139    ]
  cam_t_m2c: [ 144.34499741,  62.7120018 ,2546.38305664]
  obj_bb: [304,214, 73, 66]
  obj_id: 1
86:
- cam_R_m2c: [-0.9497    , 0.2753    , 0.149     ,-0.0569    ,-0.61989999, 0.78259999,
 -0.30790001,-0.73479998,-0.60439998]
  cam_t_m2c: [ 153.5130024 , 159.88800049,2310.63903809]
  obj_bb: [302,209, 72, 93]
  obj_id: 1
87:
- cam_R_m2c: [-0.20630001, 0.5654    ,-0.79860002,-0.97329998,-0.0344    , 0.2271    ,
 -0.1009    ,-0.82410002,-0.55739999]
  cam_t_m2c: [ -53.63500118, 141.43600464,2266.3180542 ]
  obj_bb: [271,222, 96, 59]
  obj_id: 1
88:
- cam_R_m2c: [ 0.89829999,-0.1514    , 0.41249999, 0.0797    , 0.97930002, 0.1859    ,
  0.4321    , 0.13410001,-0.89179999]
  cam_t_m2c: [  49.55900192, 174.76100922,2158.93798828]
  obj_bb: [282,217, 70, 83]
  obj_id: 1
89:
- cam_R_m2c: [-0.54320002, 0.4023    , 0.73689997,-0.54790002, 0.49529999,-0.6742    ,
  0.63620001, 0.76999998, 0.0487    ]
  cam_t_m2c: [ 124.46700096, 146.71199799,2284.04205322]
  obj_bb: [280,224, 80, 91]
  obj_id: 1
90:
- cam_R_m2c: [ 0.1029    , 0.99349999, 0.049     , 0.99449998,-0.1018    ,-0.0243    ,
  0.0192    ,-0.0512    , 0.99849999]
  cam_t_m2c: [-212.81700134, 139.99500275,2236.77597046]
  obj_bb: [237,227, 94, 71]
  obj_id: 1
91:
- cam_R_m2c: [ 0.45750001, 0.87360001, 0.1656    , 0.87800002,-0.41440001,-0.2395    ,
  0.1406    ,-0.255     , 0.95670003]
  cam_t_m2c: [-177.31300354, 100.31999588,2407.42599487]
  obj_bb: [241,218, 96, 83]
  obj_id: 1
92:
- cam_R_m2c: [ 0.18529999,-0.6534    ,-0.73400003, 0.6419    ,-0.4851    , 0.59390002,
  0.74409997, 0.58109999,-0.32949999]
  cam_t_m2c: [ -27.09800005,  64.49200153,2518.43902588]
  obj_bb: [299,198, 64, 81]
  obj_id: 1
93:
- cam_R_m2c: [-0.0309    ,-0.67339998,-0.73860002,-0.98140001,-0.1198    , 0.1503    ,
  0.18970001,-0.7295    , 0.65710002]
  cam_t_m2c: [ 164.37900543, 124.69499588,2421.71203613]
  obj_bb: [326,219, 64, 62]
  obj_id: 1
94:
- cam_R_m2c: [-0.1956    ,-0.72070003, 0.66509998,-0.29350001,-0.60409999,-0.74089998,
 -0.9357    , 0.34009999, 0.0934    ]
  cam_t_m2c: [  78.66499901,  64.51200008,2508.78204346]
  obj_bb: [278,230, 86, 66]
  obj_id: 1
95:
- cam_R_m2c: [-0.82209998,-0.4896    , 0.29049999, 0.0682    , 0.42199999, 0.90399998,
  0.56519997,-0.76300001, 0.3136    ]
  cam_t_m2c: [  42.30100155, 182.33699799,2239.51705933]
  obj_bb: [270,215, 89, 73]
  obj_id: 1
96:
- cam_R_m2c: [-0.7859    ,-0.21780001,-0.57870001,-0.0157    ,-0.92860001, 0.37079999,
  0.61809999,-0.30050001,-0.72640002]
  cam_t_m2c: [ -34.19300079, 127.13500023,2306.302948  ]
  obj_bb: [294,209, 67, 84]
  obj_id: 1
97:
- cam_R_m2c: [ 0.1337    ,-0.80659997, 0.5758    ,-0.84909999,-0.39289999,-0.35319999,
 -0.51109999, 0.44170001, 0.7374    ]
  cam_t_m2c: [  -9.13699985, 193.36399078,2186.55197144]
  obj_bb: [263,237, 93, 91]
  obj_id: 1
98:
- cam_R_m2c: [-0.47589999,-0.6789    , 0.55909997,-0.3064    , 0.7238    , 0.6182    ,
  0.82440001,-0.1229    , 0.55250001]
  cam_t_m2c: [ 220.49200058, 199.65099335,2236.15402222]
  obj_bb: [292,211, 92, 88]
  obj_id: 1
99:
- cam_R_m2c: [-0.80059999,-0.48280001, 0.35479999, 0.53210002,-0.8452    , 0.0504    ,
 -0.27559999,-0.2291    ,-0.93360001]
  cam_t_m2c: [-165.80400467, 139.81100082,2331.62994385]
  obj_bb: [249,213, 78, 86]
  obj_id: 1
100:
- cam_R_m2c: [-0.4594    ,-0.87489998,-0.1534    , 0.61320001,-0.4373    , 0.65789998,
  0.64270002,-0.20819999,-0.73729998]
  cam_t_m2c: [  60.43900013, 118.10199738,2318.27194214]
  obj_bb: [289,201, 87, 91]
  obj_id: 1
101:
- cam_R_m2c: [ 0.56300002, 0.78689998, 0.25279999, 0.14229999, 0.20900001,-0.96749997,
  0.81410003,-0.58069998,-0.0056    ]
  cam_t_m2c: [-195.23199081,  92.11000443,2406.99493408]
  obj_bb: [242,215, 88, 80]
  obj_id: 1
102:
- cam_R_m2c: [-0.35789999,-0.54570001, 0.75770003,-0.85519999,-0.13429999,-0.50059998,
 -0.375     , 0.82709998, 0.41859999]
  cam_t_m2c: [ 287.39999771, 212.0249939 ,2174.23202515]
  obj_bb: [303,251, 99, 78]
  obj_id: 1
103:
- cam_R_m2c: [-0.37380001,-0.1129    ,-0.9206    , 0.31099999, 0.91979998,-0.23909999,
 -0.87379998, 0.3757    , 0.30880001]
  cam_t_m2c: [ -61.2319994 , 126.12500191,2262.0350647 ]
  obj_bb: [278,219, 80, 95]
  obj_id: 1
104:
- cam_R_m2c: [-0.75449997,-0.57770002,-0.31130001,-0.57749999, 0.35929999, 0.73299998,
  0.3116    ,-0.73290002, 0.60479999]
  cam_t_m2c: [-237.20300674, 157.39500046,2152.79907227]
  obj_bb: [238,206,103, 79]
  obj_id: 1
105:
- cam_R_m2c: [ 0.0667    , 0.93919998,-0.3369    ,-0.69620001, 0.28560001, 0.65859997,
 -0.71469998,-0.19059999,-0.67290002]
  cam_t_m2c: [-136.57899857, 140.82400322,2356.10702515]
  obj_bb: [265,208, 83, 73]
  obj_id: 1
106:
- cam_R_m2c: [-0.0836    , 0.50980002,-0.85619998,-0.92500001, 0.28      , 0.25709999,
 -0.37079999,-0.81339997,-0.44819999]
  cam_t_m2c: [ -40.18400192, 184.88899231,2207.21603394]
  obj_bb: [271,222, 95, 76]
  obj_id: 1
107:
- cam_R_m2c: [-0.0268    , 0.94679999, 0.32069999,-0.98619998,-0.0774    , 0.1464    ,
 -0.16339999, 0.31240001,-0.93580002]
  cam_t_m2c: [ 155.53199768, 207.53200531,2158.80401611]
  obj_bb: [292,234, 80, 61]
  obj_id: 1
108:
- cam_R_m2c: [ 0.20919999, 0.73760003,-0.64209998, 0.19850001,-0.6749    ,-0.71069998,
  0.95749998,-0.0212    , 0.28760001]
  cam_t_m2c: [ 304.08800125, 102.70299911,2414.3069458 ]
  obj_bb: [324,233, 87, 69]
  obj_id: 1
109:
- cam_R_m2c: [ 0.79229999, 0.074     , 0.60570002, 0.57810003, 0.22660001,-0.78390002,
  0.1953    ,-0.97119999,-0.1367    ]
  cam_t_m2c: [-206.79700851,  90.19000053,2444.07394409]
  obj_bb: [247,220, 67, 84]
  obj_id: 1
110:
- cam_R_m2c: [-0.36629999, 0.92989999, 0.034     , 0.79329997, 0.3312    ,-0.5108    ,
  0.48629999, 0.1601    , 0.85900003]
  cam_t_m2c: [-177.07799911, 105.4640007 ,2385.06698608]
  obj_bb: [246,228, 95, 78]
  obj_id: 1
111:
- cam_R_m2c: [ 0.22669999, 0.71170002,-0.6649    ,-0.92479998, 0.37149999, 0.0823    ,
 -0.30559999,-0.59619999,-0.74239999]
  cam_t_m2c: [-211.02600098, 107.82699585,2444.8449707 ]
  obj_bb: [253,217, 90, 71]
  obj_id: 1
112:
- cam_R_m2c: [ 0.92180002,-0.20460001,-0.3292    ,-0.14749999, 0.6002    ,-0.78609997,
 -0.3585    ,-0.77319998,-0.52310002]
  cam_t_m2c: [ 272.5909996 , 254.90600586,2060.84701538]
  obj_bb: [334,235, 66,105]
  obj_id: 1
113:
- cam_R_m2c: [-0.26100001,-0.96490002,-0.0297    , 0.86339998,-0.21960001,-0.4542    ,
 -0.43169999, 0.1442    ,-0.89039999]
  cam_t_m2c: [ 175.56100845, 246.76900864,2027.36694336]
  obj_bb: [299,253, 92, 75]
  obj_id: 1
114:
- cam_R_m2c: [-0.25229999,-0.94160002,-0.223     ,-0.2956    , 0.29440001,-0.90880001,
 -0.92140001, 0.16329999, 0.35260001]
  cam_t_m2c: [-233.11800003,  91.67499542,2484.72900391]
  obj_bb: [249,216, 86, 79]
  obj_id: 1
115:
- cam_R_m2c: [-0.92860001,-0.26460001, 0.26019999,-0.29100001, 0.084     ,-0.95300001,
 -0.23029999, 0.96069998, 0.155     ]
  cam_t_m2c: [ 130.61800003, 150.00100136,2235.92102051]
  obj_bb: [295,222, 79, 86]
  obj_id: 1
116:
- cam_R_m2c: [ 0.33739999,-0.9113    , 0.2361    ,-0.93610001,-0.35120001,-0.0177    ,
 -0.0991    , 0.21510001, 0.9716    ]
  cam_t_m2c: [-153.18300247, 215.15300751,2078.45092773]
  obj_bb: [233,229,108, 98]
  obj_id: 1
117:
- cam_R_m2c: [-0.77700001,-0.19840001, 0.59750003, 0.419     ,-0.87129998, 0.25549999,
 -0.46990001,-0.44890001,-0.76010001]
  cam_t_m2c: [ 237.92999268, 251.74600601,2084.58694458]
  obj_bb: [301,221, 89, 95]
  obj_id: 1
118:
- cam_R_m2c: [ 0.273     , 0.47999999, 0.8337    , 0.93940002,-0.3197    ,-0.1235    ,
 -0.20730001,-0.81690001, 0.53820002]
  cam_t_m2c: [-208.63800049, 112.40200043,2385.4119873 ]
  obj_bb: [243,219, 71, 75]
  obj_id: 1
119:
- cam_R_m2c: [-0.68010002,-0.7184    ,-0.1462    , 0.71990001,-0.69209999, 0.052     ,
  0.13850001, 0.0699    ,-0.98790002]
  cam_t_m2c: [ -35.8039999 , 168.64200592,2270.96893311]
  obj_bb: [276,217, 86, 86]
  obj_id: 1
120:
- cam_R_m2c: [ 0.1208    ,-0.64179999,-0.75730002,-0.93959999, 0.1723    ,-0.2958    ,
 -0.3204    ,-0.74730003, 0.58219999]
  cam_t_m2c: [ -42.62800217,  97.59300232,2489.61303711]
  obj_bb: [296,229, 67, 68]
  obj_id: 1
121:
- cam_R_m2c: [-0.01      , 0.81459999,-0.57990003, 0.95850003,-0.1575    ,-0.2378    ,
  0.285     , 0.5582    , 0.77920002]
  cam_t_m2c: [ 141.56000137,  72.8910017 ,2500.92498779]
  obj_bb: [305,224, 81, 67]
  obj_id: 1
122:
- cam_R_m2c: [ 0.43529999,-0.4497    , 0.77999997, 0.86849999,-0.0184    ,-0.49529999,
 -0.23710001,-0.89300001,-0.38249999]
  cam_t_m2c: [ 177.71900177, 216.85300827,2145.91705322]
  obj_bb: [285,250,100, 72]
  obj_id: 1
123:
- cam_R_m2c: [ 0.25389999, 0.90539998,-0.34009999,-0.9666    , 0.2252    ,-0.1222    ,
  0.0341    ,-0.35980001,-0.93239999]
  cam_t_m2c: [-173.47400665, 140.67899704,2273.03497314]
  obj_bb: [258,228, 88, 67]
  obj_id: 1
124:
- cam_R_m2c: [-0.3696    ,-0.75529999,-0.54119998,-0.15979999, 0.62540001,-0.76370001,
 -0.91540003, 0.19580001, 0.35190001]
  cam_t_m2c: [-137.24200249, 189.8390007 ,2052.73193359]
  obj_bb: [263,225, 97,103]
  obj_id: 1
125:
- cam_R_m2c: [-0.1816    ,-0.93559998,-0.30270001, 0.52139997, 0.16940001,-0.83639997,
 -0.83380002, 0.30970001,-0.45699999]
  cam_t_m2c: [-162.5909996 , 126.90299988,2287.40402222]
  obj_bb: [261,221, 84, 85]
  obj_id: 1
126:
- cam_R_m2c: [-0.31999999,-0.51520002,-0.79509997,-0.1759    ,-0.79229999, 0.58420002,
  0.93089998,-0.32679999,-0.1629    ]
  cam_t_m2c: [-160.15600204,  95.02799988,2474.90600586]
  obj_bb: [280,203, 71, 83]
  obj_id: 1
127:
- cam_R_m2c: [-0.24349999,-0.88429999, 0.3985    , 0.96869999,-0.20100001, 0.1459    ,
  0.0489    ,-0.4215    ,-0.90549999]
  cam_t_m2c: [-115.79400063, 102.90399551,2365.46203613]
  obj_bb: [255,216, 83, 62]
  obj_id: 1
128:
- cam_R_m2c: [ 0.0419    ,-0.0659    ,-0.99690002,-0.8369    , 0.54269999,-0.071     ,
 -0.54570001,-0.83740002, 0.0324    ]
  cam_t_m2c: [-231.66000366, 166.11099243,2169.88998413]
  obj_bb: [252,221, 75, 96]
  obj_id: 1
129:
- cam_R_m2c: [ 0.57200003,-0.65249997, 0.49700001, 0.1286    , 0.66970003, 0.73140001,
  0.81010002, 0.3545    ,-0.46700001]
  cam_t_m2c: [ 130.75200081, 147.04999924,2407.18002319]
  obj_bb: [283,206, 87, 69]
  obj_id: 1
130:
- cam_R_m2c: [ 0.3515    ,-0.82770002, 0.43740001, 0.1389    ,-0.41589999,-0.8987    ,
 -0.92580003,-0.3766    , 0.0312    ]
  cam_t_m2c: [ 143.88999939, 181.02199554,2201.9720459 ]
  obj_bb: [284,239, 92, 83]
  obj_id: 1
131:
- cam_R_m2c: [-0.15279999,-0.86400002,-0.4797    , 0.91890001,-0.3028    , 0.25279999,
  0.3637    , 0.4021    ,-0.84020001]
  cam_t_m2c: [  50.6099987 ,  92.83800125,2569.93103027]
  obj_bb: [301,213, 72, 63]
  obj_id: 1
132:
- cam_R_m2c: [-0.54509997, 0.53439999,-0.64600003, 0.46489999,-0.44850001,-0.76340002,
  0.69770002, 0.71640003, 0.0039    ]
  cam_t_m2c: [ 305.28799057, 145.83399773,2435.74203491]
  obj_bb: [327,238, 84, 74]
  obj_id: 1
133:
- cam_R_m2c: [-0.78759998, 0.49439999, 0.36790001, 0.52579999, 0.85039997,-0.0172    ,
  0.32139999,-0.1798    , 0.92970002]
  cam_t_m2c: [ 127.57699966, 152.68899918,2253.04702759]
  obj_bb: [282,211, 94,105]
  obj_id: 1
134:
- cam_R_m2c: [-0.29069999,-0.92589998,-0.2411    , 0.60579997,-0.37310001, 0.70270002,
  0.74059999,-0.0582    ,-0.66939998]
  cam_t_m2c: [ -11.99399948,  83.58699799,2531.29302979]
  obj_bb: [285,201, 79, 82]
  obj_id: 1
135:
- cam_R_m2c: [-0.23819999,-0.1895    ,-0.95249999,-0.9443    , 0.27450001, 0.1815    ,
 -0.227     ,-0.94270003, 0.24439999]
  cam_t_m2c: [-232.07500458, 197.77000427,2060.53207397]
  obj_bb: [254,224, 81, 90]
  obj_id: 1
136:
- cam_R_m2c: [-0.35910001, 0.6886    , 0.62989998,-0.9321    ,-0.23100001,-0.2789    ,
  0.0465    , 0.68730003,-0.72490001]
  cam_t_m2c: [  53.32099915, 192.6499939 ,2102.65106201]
  obj_bb: [265,239, 85, 78]
  obj_id: 1
137:
- cam_R_m2c: [ 0.189     , 0.85149997, 0.4892    , 0.20190001, 0.45379999,-0.86790001,
  0.96100003,-0.26280001, 0.0862    ]
  cam_t_m2c: [ 256.15999222, 217.56000519,2178.32992554]
  obj_bb: [299,229, 89, 97]
  obj_id: 1
138:
- cam_R_m2c: [-0.82779998, 0.51029998,-0.233     ,-0.29550001,-0.74970001,-0.59210002,
  0.47679999, 0.42129999,-0.77139997]
  cam_t_m2c: [-149.36300278, 151.7179966 ,2215.97793579]
  obj_bb: [263,234, 83, 86]
  obj_id: 1
139:
- cam_R_m2c: [-0.98070002,-0.1259    , 0.1495    ,-0.13600001, 0.98890001,-0.0591    ,
  0.14040001, 0.0783    , 0.98699999]
  cam_t_m2c: [ 195.65700531, 109.08100128,2420.5090332 ]
  obj_bb: [310,213, 67, 88]
  obj_id: 1
140:
- cam_R_m2c: [-0.39039999, 0.6778    , 0.62309998, 0.2304    , 0.72719997,-0.64660001,
  0.89139998, 0.1089    , 0.44      ]
  cam_t_m2c: [ 212.04200745, 172.34600067,2216.29302979]
  obj_bb: [291,225, 88, 93]
  obj_id: 1
141:
- cam_R_m2c: [ 0.3592    ,-0.80860001,-0.4659    ,-0.87629998,-0.1205    ,-0.4666    ,
 -0.3211    ,-0.5758    , 0.7518    ]
  cam_t_m2c: [ 245.30500412,  65.89300156,2541.0949707 ]
  obj_bb: [322,230, 81, 57]
  obj_id: 1
142:
- cam_R_m2c: [-0.4542    , 0.84469998, 0.2832    ,-0.71450001,-0.5352    , 0.4506    ,
 -0.53210002,-0.0023    ,-0.8466    ]
  cam_t_m2c: [-203.60500336,  59.99199867,2495.1260376 ]
  obj_bb: [246,198, 80, 78]
  obj_id: 1
143:
- cam_R_m2c: [ 0.20900001,-0.6469    , 0.73339999,-0.97780001,-0.15109999, 0.1453    ,
 -0.0168    , 0.7475    , 0.66409999]
  cam_t_m2c: [  72.38299847, 228.2349968 ,2131.76895142]
  obj_bb: [272,234, 99, 83]
  obj_id: 1
144:
- cam_R_m2c: [ 0.83249998, 0.45030001, 0.3229    ,-0.44069999, 0.89130002,-0.1067    ,
  0.33579999, 0.0534    ,-0.9404    ]
  cam_t_m2c: [  11.27099991, 153.35000038,2322.76306152]
  obj_bb: [274,219, 75, 86]
  obj_id: 1
145:
- cam_R_m2c: [-0.91949999, 0.0434    , 0.39070001, 0.053     ,-0.97109997, 0.23270001,
 -0.38949999,-0.23469999,-0.89060003]
  cam_t_m2c: [ 269.48400497, 198.04100037,2185.50506592]
  obj_bb: [317,221, 65, 86]
  obj_id: 1
146:
- cam_R_m2c: [ 0.1886    , 0.62019998,-0.7615    , 0.0811    , 0.76289999, 0.64139998,
 -0.97869998, 0.18269999,-0.0935    ]
  cam_t_m2c: [ -83.9659977 , 162.81700134,2275.87005615]
  obj_bb: [267,210, 97, 76]
  obj_id: 1
147:
- cam_R_m2c: [-0.90450001, 0.338     , 0.25999999, 0.25940001, 0.92009997,-0.29350001,
  0.33840001, 0.198     , 0.9199    ]
  cam_t_m2c: [ 244.96799469, 146.65800095,2392.94692993]
  obj_bb: [307,223, 80, 88]
  obj_id: 1
148:
- cam_R_m2c: [ 0.3908    ,-0.0465    , 0.91930002, 0.91979998, 0.0586    ,-0.38800001,
  0.0358    ,-0.99720001,-0.0657    ]
  cam_t_m2c: [-189.17200089, 198.92799377,2142.78503418]
  obj_bb: [233,248, 95, 73]
  obj_id: 1
149:
- cam_R_m2c: [-0.58469999, 0.28420001, 0.75980002,-0.0188    , 0.93159997,-0.36289999,
  0.81099999, 0.2265    , 0.53939998]
  cam_t_m2c: [ 206.03200912, 188.19599152,2247.25799561]
  obj_bb: [294,230, 77, 93]
  obj_id: 1
150:
- cam_R_m2c: [-0.0252    ,-0.98460001,-0.1728    ,-0.87239999, 0.1061    ,-0.47710001,
 -0.48809999,-0.13869999, 0.8617    ]
  cam_t_m2c: [  17.92000055, 175.43100357,2172.91503906]
  obj_bb: [279,242, 95, 76]
  obj_id: 1
151:
- cam_R_m2c: [ 0.58960003,-0.80409998, 0.0767    ,-0.80760002,-0.58840001, 0.0395    ,
 -0.0134    , 0.0853    , 0.99629998]
  cam_t_m2c: [  79.0350008 , 106.25200272,2487.46795654]
  obj_bb: [281,208, 95, 91]
  obj_id: 1
152:
- cam_R_m2c: [ 0.7809    , 0.0869    , 0.61860001, 0.4488    , 0.61070001,-0.65240002,
  0.43439999,-0.78710002,-0.43790001]
  cam_t_m2c: [ 236.25099182,  78.97099972,2487.14996338]
  obj_bb: [308,216, 63, 87]
  obj_id: 1
153:
- cam_R_m2c: [-0.0262    , 0.98430002, 0.1745    , 0.99800003, 0.0156    , 0.0621    ,
 -0.0584    ,-0.17569999, 0.98269999]
  cam_t_m2c: [  12.30599999,  79.49699879,2457.19100952]
  obj_bb: [275,220, 82, 58]
  obj_id: 1
154:
- cam_R_m2c: [ 0.94959998,-0.26100001,-0.1737    , 0.30680001, 0.65890002, 0.6868    ,
  0.0648    , 0.70550001,-0.7058    ]
  cam_t_m2c: [ -77.43400097, 223.58499527,2034.70092773]
  obj_bb: [278,211, 76, 88]
  obj_id: 1
155:
- cam_R_m2c: [ 0.155     ,-0.95289999, 0.26069999, 0.97570002, 0.189     , 0.1109    ,
  0.155     ,-0.23710001,-0.95899999]
  cam_t_m2c: [-194.08500671, 180.46199799,2154.92904663]
  obj_bb: [243,228, 86, 68]
  obj_id: 1
156:
- cam_R_m2c: [-0.0596    , 0.17919999, 0.98199999,-0.1224    ,-0.97759998, 0.171     ,
 -0.99070001, 0.11      ,-0.0802    ]
  cam_t_m2c: [ -33.63699913, 154.92400169,2329.27993774]
  obj_bb: [268,213, 79, 83]
  obj_id: 1
157:
- cam_R_m2c: [ 0.72729999, 0.65289998, 0.2115    , 0.6728    ,-0.61729997,-0.40779999,
  0.1357    ,-0.43889999, 0.88819999]
  cam_t_m2c: [ 332.52101898, 128.36099625,2372.70797729]
  obj_bb: [314,224, 99, 88]
  obj_id: 1
158:
- cam_R_m2c: [-0.43700001, 0.89050001,-0.1266    ,-0.74659997,-0.28060001, 0.60320002,
 -0.50160003,-0.3581    ,-0.78750002]
  cam_t_m2c: [-122.20100403,  63.45900059,2526.26693726]
  obj_bb: [268,201, 79, 75]
  obj_id: 1
159:
- cam_R_m2c: [ 0.9307    , 0.19840001,-0.30720001, 0.1283    , 0.60949999, 0.7823    ,
 -0.34240001, 0.76749998,-0.54180002]
  cam_t_m2c: [  24.08699989, 153.70699883,2267.90298462]
  obj_bb: [297,208, 65, 76]
  obj_id: 1
160:
- cam_R_m2c: [-0.2647    ,-0.0146    ,-0.96420002, 0.9569    , 0.1198    ,-0.26449999,
 -0.1194    , 0.99269998, 0.0177    ]
  cam_t_m2c: [-216.98600769, 191.49999619,2085.43792725]
  obj_bb: [243,242, 92, 70]
  obj_id: 1
161:
- cam_R_m2c: [ 0.60720003, 0.1006    ,-0.78820002, 0.7529    , 0.24420001, 0.61119998,
 -0.25389999, 0.96450001,-0.0725    ]
  cam_t_m2c: [  65.97300053, 101.61399841,2473.60702515]
  obj_bb: [297,203, 75, 70]
  obj_id: 1
162:
- cam_R_m2c: [-0.91949999, 0.30039999, 0.2536    , 0.0163    , 0.67360002,-0.73890001,
  0.3928    , 0.6753    , 0.6243    ]
  cam_t_m2c: [   5.42400002, 193.7210083 ,2153.24203491]
  obj_bb: [266,227, 86, 97]
  obj_id: 1
163:
- cam_R_m2c: [ 0.4165    , 0.90719998, 0.06      ,-0.41819999, 0.13259999, 0.89859998,
 -0.80729997, 0.3994    ,-0.4346    ]
  cam_t_m2c: [  -3.12299997,  70.45000076,2530.52307129]
  obj_bb: [277,202, 81, 76]
  obj_id: 1
164:
- cam_R_m2c: [-0.5363    , 0.59439999,-0.59930003,-0.80040002,-0.58340001, 0.13770001,
  0.26769999,-0.5535    ,-0.78860003]
  cam_t_m2c: [  41.88199997,  97.64499664,2474.95697021]
  obj_bb: [291,208, 86, 77]
  obj_id: 1
165:
- cam_R_m2c: [-0.21170001,-0.97659999,-0.038     , 0.73970002,-0.1856    , 0.6469    ,
  0.63880002,-0.1089    ,-0.76169997]
  cam_t_m2c: [ 271.86800003,  78.41599941,2541.54693604]
  obj_bb: [316,205, 77, 73]
  obj_id: 1
166:
- cam_R_m2c: [-0.87949997, 0.3019    , 0.36790001, 0.4373    , 0.81770003, 0.3743    ,
  0.18790001,-0.4901    , 0.85119998]
  cam_t_m2c: [ 311.28200531, 179.06700134,2204.19006348]
  obj_bb: [315,206, 89,102]
  obj_id: 1
167:
- cam_R_m2c: [ 0.95020002, 0.1524    ,-0.27200001, 0.212     , 0.32370001, 0.92210001,
 -0.2286    , 0.93379998,-0.2753    ]
  cam_t_m2c: [ 261.72100067, 243.92000198,2036.99798584]
  obj_bb: [333,220, 70, 97]
  obj_id: 1
168:
- cam_R_m2c: [-0.249     , 0.61110002, 0.75139999,-0.8998    ,-0.433     , 0.054     ,
 -0.35839999, 0.66259998,-0.6577    ]
  cam_t_m2c: [  67.21700191, 127.40300179,2380.50994873]
  obj_bb: [274,218, 74, 77]
  obj_id: 1
169:
- cam_R_m2c: [ 0.91430002, 0.32390001, 0.2432    , 0.38060001,-0.4817    ,-0.78939998,
  0.13850001,-0.8143    , 0.56370002]
  cam_t_m2c: [ 124.25000191, 148.5490036 ,2247.9649353 ]
  obj_bb: [292,239, 85, 75]
  obj_id: 1
170:
- cam_R_m2c: [-0.0709    ,-0.0323    ,-0.99699998,-0.96619999, 0.25060001, 0.0606    ,
 -0.24779999,-0.96759999, 0.049     ]
  cam_t_m2c: [ 151.26799583, 105.26000023,2505.60897827]
  obj_bb: [307,220, 70, 69]
  obj_id: 1
171:
- cam_R_m2c: [-0.82069999,-0.0697    ,-0.56709999,-0.0497    ,-0.98009998, 0.19230001,
  0.56919998,-0.186     ,-0.80089998]
  cam_t_m2c: [ 176.03300095,  97.12400436,2499.69299316]
  obj_bb: [322,212, 57, 73]
  obj_id: 1
172:
- cam_R_m2c: [-0.1229    , 0.96759999,-0.2207    , 0.68430001, 0.2437    , 0.68730003,
 -0.71869999, 0.0665    , 0.69209999]
  cam_t_m2c: [ -85.15600204, 113.97500038,2300.76599121]
  obj_bb: [266,203, 90, 72]
  obj_id: 1
173:
- cam_R_m2c: [-0.98299998, 0.1796    ,-0.0389    , 0.1523    , 0.67760003,-0.71950001,
  0.1029    , 0.71310002, 0.69340003]
  cam_t_m2c: [ 317.47600555, 107.7009964 ,2396.70700073]
  obj_bb: [332,217, 63, 87]
  obj_id: 1
174:
- cam_R_m2c: [ 0.3994    ,-0.3468    ,-0.84859997, 0.89039999,-0.0737    , 0.4492    ,
  0.2183    , 0.935     ,-0.2793    ]
  cam_t_m2c: [ 291.37500763, 110.48999786,2404.41101074]
  obj_bb: [335,216, 79, 61]
  obj_id: 1
175:
- cam_R_m2c: [-0.0287    ,-0.67690003,-0.73549998, 0.95099998, 0.20819999,-0.2287    ,
 -0.30790001, 0.70599997,-0.63779998]
  cam_t_m2c: [-121.33999825,  77.86799908,2437.79205322]
  obj_bb: [286,223, 66, 60]
  obj_id: 1
176:
- cam_R_m2c: [ 0.31009999,-0.85210001, 0.4217    , 0.88569999, 0.4201    , 0.19750001,
  0.34540001,-0.31220001,-0.88499999]
