0:
- cam_R_m2c: [ 0.3211    , 0.94700003, 0.        ,-0.72549999, 0.24600001,-0.64279997,
  0.60869998,-0.20640001,-0.76599997]
  cam_t_m2c: [ 347.62699127,   9.824     ,1539.3649292 ]
  obj_bb: [323,192,125,124]
  obj_id: 1
1:
- cam_R_m2c: [-0.98070002, 0.1956    , 0.        ,-0.1498    ,-0.75120002,-0.64279997,
  0.1257    , 0.6304    ,-0.76599997]
  cam_t_m2c: [ 141.32300377,-263.53500366,1770.63995361]
  obj_bb: [300,166, 79, 95]
  obj_id: 1
2:
- cam_R_m2c: [ 0.4655    , 0.88510001, 0.        ,-0.67799997, 0.35659999,-0.64279997,
  0.56889999,-0.2992    ,-0.76599997]
  cam_t_m2c: [-180.21999359,-153.97000313,1705.20492554]
  obj_bb: [229,161,117,121]
  obj_id: 1
3:
- cam_R_m2c: [ 0.9522    , 0.30540001, 0.        ,-0.234     , 0.72939998,-0.64279997,
  0.1963    ,-0.61210001,-0.76599997]
  cam_t_m2c: [-230.94200134,-255.76200485,1786.9090271 ]
  obj_bb: [241,139, 85,125]
  obj_id: 1
4:
- cam_R_m2c: [-0.79879999,-0.60159999, 0.        , 0.46079999,-0.61189997,-0.64279997,
 -0.3867    , 0.51349998,-0.76599997]
  cam_t_m2c: [-149.64400291,-227.23100662,1744.06692505]
  obj_bb: [242,169,107,104]
  obj_id: 1
5:
- cam_R_m2c: [-0.95109999,-0.30899999, 0.        , 0.2367    ,-0.72860003,-0.64279997,
 -0.19859999, 0.61129999,-0.76599997]
  cam_t_m2c: [   4.4780001 ,-105.58600426,1652.48504639]
  obj_bb: [275,193, 97,104]
  obj_id: 1
6:
- cam_R_m2c: [-0.53530002, 0.84460002, 0.        ,-0.64700001,-0.41010001,-0.64279997,
  0.54290003, 0.3441    ,-0.76599997]
  cam_t_m2c: [-402.21199036,  46.34300232,1515.88592529]
  obj_bb: [175,219,131,114]
  obj_id: 1
7:
- cam_R_m2c: [-0.0741    , 0.99720001, 0.        ,-0.76389998,-0.0568    ,-0.64279997,
  0.64099997, 0.0477    ,-0.76599997]
  cam_t_m2c: [-322.86598206,-115.24900436,1686.8510437 ]
  obj_bb: [208,177,106,101]
  obj_id: 1
8:
- cam_R_m2c: [ 0.13249999, 0.99119997, 0.        ,-0.75929999, 0.1015    ,-0.64279997,
  0.63709998,-0.0852    ,-0.76599997]
  cam_t_m2c: [-142.07500458, -54.60400105,1619.87792969]
  obj_bb: [234,184,114,109]
  obj_id: 1
9:
- cam_R_m2c: [-0.1056    ,-0.99440002, 0.        , 0.76179999,-0.0809    ,-0.64279997,
 -0.63919997, 0.0678    ,-0.76599997]
  cam_t_m2c: [ 277.52399445,-197.11900711,1708.97506714]
  obj_bb: [316,161,105,102]
  obj_id: 1
10:
- cam_R_m2c: [-0.93559998, 0.3531    , 0.        ,-0.2705    ,-0.71670002,-0.64279997,
  0.2269    , 0.60140002,-0.76599997]
  cam_t_m2c: [  93.86199951,-217.24599838,1748.6869812 ]
  obj_bb: [286,174, 93, 99]
  obj_id: 1
11:
- cam_R_m2c: [ 0.1134    ,-0.99360001, 0.        , 0.76109999, 0.0868    ,-0.64279997,
 -0.63859999,-0.0729    ,-0.76599997]
  cam_t_m2c: [-307.45599747,-103.68700027,1674.66293335]
  obj_bb: [208,176,110,106]
  obj_id: 1
12:
- cam_R_m2c: [-0.88959998,-0.4567    , 0.        , 0.34979999,-0.68150002,-0.64279997,
 -0.29350001, 0.57179999,-0.76599997]
  cam_t_m2c: [-343.03699493, -36.0010004 ,1591.30905151]
  obj_bb: [207,203,104,112]
  obj_id: 1
13:
- cam_R_m2c: [ 0.64899999,-0.7608    , 0.        , 0.58279997, 0.49720001,-0.64279997,
 -0.48899999,-0.4172    ,-0.76599997]
  cam_t_m2c: [ 323.4569931 ,  -1.48399994,1555.67901611]
  obj_bb: [317,184,125,139]
  obj_id: 1
14:
- cam_R_m2c: [ 0.0948    , 0.99550003, 0.        ,-0.7626    , 0.0726    ,-0.64279997,
  0.63990003,-0.0609    ,-0.76599997]
  cam_t_m2c: [-334.03301239,-171.65500641,1725.85906982]
  obj_bb: [205,164,108,103]
  obj_id: 1
15:
- cam_R_m2c: [-0.87010002, 0.49290001, 0.        ,-0.37760001,-0.66649997,-0.64279997,
  0.3168    , 0.55930001,-0.76599997]
  cam_t_m2c: [-383.20301056,  22.81699896,1555.80093384]
  obj_bb: [182,213,124,117]
  obj_id: 1
16:
- cam_R_m2c: [-0.9989    , 0.046     , 0.        ,-0.0352    ,-0.76520002,-0.64279997,
  0.0295    , 0.64209998,-0.76599997]
  cam_t_m2c: [-139.90699768, -15.66400051,1557.85903931]
  obj_bb: [246,209, 84,104]
  obj_id: 1
17:
- cam_R_m2c: [-0.63859999,-0.76950002, 0.        , 0.58950001,-0.4892    ,-0.64279997,
 -0.4946    , 0.41049999,-0.76599997]
  cam_t_m2c: [-370.56598663, -25.51300049,1611.11801147]
  obj_bb: [192,206,122,110]
  obj_id: 1
18:
- cam_R_m2c: [ 0.90679997, 0.42160001, 0.        ,-0.32300001, 0.69459999,-0.64279997,
  0.271     ,-0.58289999,-0.76599997]
  cam_t_m2c: [ 486.42601013,  58.86700153,1524.07196045]
  obj_bb: [353,192,126,146]
  obj_id: 1
19:
- cam_R_m2c: [ 0.73100001, 0.68239999, 0.        ,-0.52280003, 0.56      ,-0.64279997,
  0.4386    ,-0.46990001,-0.76599997]
  cam_t_m2c: [-260.85399628, -48.75500202,1618.51104736]
  obj_bb: [214,175,118,136]
  obj_id: 1
20:
- cam_R_m2c: [-0.21950001, 0.9756    , 0.        ,-0.74739999,-0.1681    ,-0.64279997,
  0.62709999, 0.1411    ,-0.76599997]
  cam_t_m2c: [ 102.13399887,  60.59599876,1518.19793701]
  obj_bb: [280,215,123,109]
  obj_id: 1
21:
- cam_R_m2c: [-0.95499998, 0.2965    , 0.        ,-0.2271    ,-0.73159999,-0.64279997,
  0.19059999, 0.61390001,-0.76599997]
  cam_t_m2c: [-226.54800415,-234.02299881,1781.2399292 ]
  obj_bb: [231,173, 95, 96]
  obj_id: 1
22:
- cam_R_m2c: [ 0.6548    , 0.75580001, 0.        ,-0.579     , 0.50160003,-0.64279997,
  0.4858    ,-0.42089999,-0.76599997]
  cam_t_m2c: [-413.90098572,-115.40499687,1687.42706299]
  obj_bb: [190,165,116,129]
  obj_id: 1
23:
- cam_R_m2c: [-0.71679997, 0.69730002, 0.        ,-0.5341    ,-0.54909998,-0.64279997,
  0.44819999, 0.46079999,-0.76599997]
  cam_t_m2c: [ -85.39999962,-119.05799866,1667.07000732]
  obj_bb: [244,188,118,108]
  obj_id: 1
24:
- cam_R_m2c: [-0.51819998, 0.85519999, 0.        ,-0.6552    ,-0.39700001,-0.64279997,
  0.54970002, 0.33309999,-0.76599997]
  cam_t_m2c: [-202.89499283, -92.93899536,1622.94906616]
  obj_bb: [222,188,122,110]
  obj_id: 1
25:
- cam_R_m2c: [ 0.65439999,-0.7561    , 0.        , 0.57920003, 0.50129998,-0.64279997,
 -0.486     ,-0.42070001,-0.76599997]
  cam_t_m2c: [ 462.92499542, 104.79999542,1457.69805908]
  obj_bb: [345,205,132,148]
  obj_id: 1
26:
- cam_R_m2c: [ 0.9594    ,-0.28209999, 0.        , 0.21610001, 0.7349    ,-0.64279997,
 -0.1813    ,-0.61669999,-0.76599997]
  cam_t_m2c: [-137.10000038,  26.70399904,1556.65298462]
  obj_bb: [237,186,104,141]
  obj_id: 1
27:
- cam_R_m2c: [-0.90240002, 0.43099999, 0.        ,-0.33019999,-0.69120002,-0.64279997,
  0.27700001, 0.57999998,-0.76599997]
  cam_t_m2c: [-112.53399849,-115.87400436,1644.91195679]
  obj_bb: [242,191,108,106]
  obj_id: 1
28:
- cam_R_m2c: [-0.66750002,-0.7446    , 0.        , 0.5704    ,-0.51130003,-0.64279997,
 -0.4786    , 0.42910001,-0.76599997]
  cam_t_m2c: [ 426.94301605, -51.63599968,1625.17105103]
  obj_bb: [336,201,124,109]
  obj_id: 1
29:
- cam_R_m2c: [-0.76950002,-0.63859999, 0.        , 0.4892    ,-0.58950001,-0.64279997,
 -0.41049999, 0.49470001,-0.76599997]
  cam_t_m2c: [ 177.54400253,-202.6709938 ,1715.98602295]
  obj_bb: [295,172,114,106]
  obj_id: 1
30:
- cam_R_m2c: [ 0.12710001,-0.99190003, 0.        , 0.75980002, 0.0973    ,-0.64279997,
 -0.6376    ,-0.0817    ,-0.76599997]
  cam_t_m2c: [ 326.84101105,  72.56299973,1496.47994995]
  obj_bb: [324,210,125,114]
  obj_id: 1
31:
- cam_R_m2c: [-0.91430002,-0.40509999, 0.        , 0.31029999,-0.70039999,-0.64279997,
 -0.2604    , 0.58770001,-0.76599997]
  cam_t_m2c: [-373.12999725, -25.95200062,1590.54199219]
  obj_bb: [204,205, 99,112]
  obj_id: 1
32:
- cam_R_m2c: [ 0.2154    , 0.97649997, 0.        ,-0.74809998, 0.16500001,-0.64279997,
  0.62769997,-0.1384    ,-0.76599997]
  cam_t_m2c: [-340.90301514, -28.87700081,1588.40606689]
  obj_bb: [192,187,122,116]
  obj_id: 1
33:
- cam_R_m2c: [-0.0074    ,-1.        , 0.        , 0.76599997,-0.0057    ,-0.64279997,
 -0.64279997, 0.0047    ,-0.76599997]
  cam_t_m2c: [-489.375     , -23.88700008,1597.24594116]
  obj_bb: [164,193,120,102]
  obj_id: 1
34:
- cam_R_m2c: [ 0.96649998,-0.2568    , 0.        , 0.19670001, 0.74040002,-0.64279997,
 -0.16509999,-0.62120003,-0.76599997]
  cam_t_m2c: [-352.86598206,  45.32700062,1514.22607422]
  obj_bb: [190,188,113,145]
  obj_id: 1
35:
- cam_R_m2c: [ 0.99220002,-0.1244    , 0.        , 0.0953    , 0.76010001,-0.64279997,
 -0.0799    ,-0.63779998,-0.76599997]
  cam_t_m2c: [-344.96101379,-113.01799774,1682.17300415]
  obj_bb: [209,162, 92,128]
  obj_id: 1
36:
- cam_R_m2c: [ 0.95160002,-0.30739999, 0.        , 0.23540001, 0.72899997,-0.64279997,
 -0.19760001,-0.6117    ,-0.76599997]
  cam_t_m2c: [ -64.15999889, -19.26300049,1578.69598389]
  obj_bb: [252,177,103,140]
  obj_id: 1
37:
- cam_R_m2c: [ 0.76920003, 0.639     , 0.        ,-0.48949999, 0.58929998,-0.64279997,
  0.41069999,-0.49450001,-0.76599997]
  cam_t_m2c: [ -63.2130003 , -46.59699917,1594.08706665]
  obj_bb: [250,174,119,139]
  obj_id: 1
38:
- cam_R_m2c: [-0.2613    ,-0.96530002, 0.        , 0.73940003,-0.2001    ,-0.64279997,
 -0.62050003, 0.1679    ,-0.76599997]
  cam_t_m2c: [ 369.16999817,-183.42300415,1703.64807129]
  obj_bb: [329,167,110,105]
  obj_id: 1
39:
- cam_R_m2c: [ 0.62169999,-0.78329998, 0.        , 0.60000002, 0.47620001,-0.64279997,
 -0.50349998,-0.3996    ,-0.76599997]
  cam_t_m2c: [-112.62200356,-158.68200302,1681.8800354 ]
  obj_bb: [240,157,118,129]
  obj_id: 1
40:
- cam_R_m2c: [ 0.94169998, 0.33649999, 0.        ,-0.25780001, 0.72140002,-0.64279997,
  0.2163    ,-0.60530001,-0.76599997]
  cam_t_m2c: [ -90.31200409,  89.84900475,1498.41796875]
  obj_bb: [253,198,106,147]
  obj_id: 1
41:
- cam_R_m2c: [ 0.9102    , 0.41409999, 0.        ,-0.31720001, 0.69730002,-0.64279997,
  0.26620001,-0.5851    ,-0.76599997]
  cam_t_m2c: [ 346.25499725, 104.68799591,1456.78497314]
  obj_bb: [329,201,127,152]
  obj_id: 1
42:
- cam_R_m2c: [-0.4066    ,-0.91360003, 0.        , 0.69989997,-0.3114    ,-0.64279997,
 -0.5873    , 0.2613    ,-0.76599997]
  cam_t_m2c: [ 494.23801422,-175.99100113,1720.23895264]
  obj_bb: [348,171,115,105]
  obj_id: 1
43:
- cam_R_m2c: [ 0.99989998, 0.0109    , 0.        ,-0.0083    , 0.76599997,-0.64279997,
  0.007     ,-0.64279997,-0.76599997]
  cam_t_m2c: [-492.97401428,-181.49900436,1712.79800415]
  obj_bb: [188,150, 85,125]
  obj_id: 1
44:
- cam_R_m2c: [-0.91469997,-0.40419999, 0.        , 0.30970001,-0.70069999,-0.64279997,
 -0.25979999, 0.58789998,-0.76599997]
  cam_t_m2c: [-453.78898621, -68.40799809,1622.27096558]
  obj_bb: [192,198, 96,108]
  obj_id: 1
45:
- cam_R_m2c: [-0.98629999, 0.1649    , 0.        ,-0.12630001,-0.75559998,-0.64279997,
  0.106     , 0.634     ,-0.76599997]
  cam_t_m2c: [ 478.24699402,  89.18000221,1502.77603149]
  obj_bb: [369,226, 89,116]
  obj_id: 1
46:
- cam_R_m2c: [-0.48660001, 0.87360001, 0.        ,-0.6692    ,-0.37270001,-0.64279997,
  0.56160003, 0.31279999,-0.76599997]
  cam_t_m2c: [-244.64799881,  66.99699879,1530.08300781]
  obj_bb: [209,223,127,112]
  obj_id: 1
47:
- cam_R_m2c: [-0.1199    , 0.9928    , 0.        ,-0.76050001,-0.0919    ,-0.64279997,
  0.63819999, 0.0771    ,-0.76599997]
  cam_t_m2c: [-447.34901428, -95.23900032,1639.22393799]
  obj_bb: [178,181,114,104]
  obj_id: 1
48:
- cam_R_m2c: [-0.95740002,-0.28870001, 0.        , 0.2211    ,-0.73339999,-0.64279997,
 -0.1856    , 0.61540002,-0.76599997]
  cam_t_m2c: [ 147.45599747,-153.70599747,1680.14694214]
  obj_bb: [300,186, 98,100]
  obj_id: 1
49:
- cam_R_m2c: [-0.99910003,-0.0424    , 0.        , 0.0325    ,-0.76539999,-0.64279997,
 -0.0273    , 0.64219999,-0.76599997]
  cam_t_m2c: [ 102.44099617,  14.74099994,1567.53692627]
  obj_bb: [301,214, 82,104]
  obj_id: 1
50:
- cam_R_m2c: [-0.82529998, 0.56480002, 0.        ,-0.43259999,-0.6322    ,-0.64279997,
  0.36300001, 0.53049999,-0.76599997]
  cam_t_m2c: [-109.54099655,-251.73299789,1774.85397339]
  obj_bb: [245,166,107,102]
  obj_id: 1
51:
- cam_R_m2c: [-0.29769999,-0.95469999, 0.        , 0.7313    ,-0.2281    ,-0.64279997,
 -0.61360002, 0.19140001,-0.76599997]
  cam_t_m2c: [ 426.42601013, -13.16900015,1555.07095337]
  obj_bb: [340,200,125,111]
  obj_id: 1
52:
- cam_R_m2c: [ 0.95819998, 0.28600001, 0.        ,-0.2191    , 0.73400003,-0.64279997,
  0.1839    ,-0.61589998,-0.76599997]
  cam_t_m2c: [ -14.32100058,  83.44200134,1521.48193359]
  obj_bb: [269,197,102,144]
  obj_id: 1
53:
- cam_R_m2c: [-0.28150001, 0.95959997, 0.        ,-0.73509997,-0.2156    ,-0.64279997,
  0.61680001, 0.18089999,-0.76599997]
  cam_t_m2c: [ -91.47500038,  38.26200008,1558.46206665]
  obj_bb: [245,212,119,108]
  obj_id: 1
54:
- cam_R_m2c: [ 0.63480002,-0.77270001, 0.        , 0.59189999, 0.48629999,-0.64279997,
 -0.49669999,-0.40799999,-0.76599997]
  cam_t_m2c: [ -20.18100023, -14.58500028,1599.00405884]
  obj_bb: [253,183,124,135]
  obj_id: 1
55:
- cam_R_m2c: [ 0.7755    ,-0.63129997, 0.        , 0.48359999, 0.5941    ,-0.64279997,
 -0.40580001,-0.49849999,-0.76599997]
  cam_t_m2c: [ 258.57400894, -54.38499928,1608.24203491]
  obj_bb: [307,173,116,138]
  obj_id: 1
56:
- cam_R_m2c: [ 0.79070002, 0.61220002, 0.        ,-0.46900001, 0.60570002,-0.64279997,
  0.3935    ,-0.50830001,-0.76599997]
  cam_t_m2c: [ 476.20098114,-249.96099472,1792.61703491]
  obj_bb: [343,143,112,125]
  obj_id: 1
57:
- cam_R_m2c: [ 0.8344    , 0.55119997, 0.        ,-0.42230001, 0.63910002,-0.64279997,
  0.35429999,-0.5363    ,-0.76599997]
  cam_t_m2c: [  55.04399776, -56.53800011,1629.24804688]
  obj_bb: [274,172,115,137]
  obj_id: 1
58:
- cam_R_m2c: [-0.2712    ,-0.96249998, 0.        , 0.73729998,-0.2078    ,-0.64279997,
 -0.61870003, 0.1744    ,-0.76599997]
  cam_t_m2c: [-336.9039917 ,  70.28800011,1514.80499268]
  obj_bb: [187,218,129,110]
  obj_id: 1
59:
- cam_R_m2c: [-0.37720001, 0.92610002, 0.        ,-0.70950001,-0.28889999,-0.64279997,
  0.59530002, 0.24250001,-0.76599997]
  cam_t_m2c: [-204.02799606,-180.9469986 ,1736.32293701]
  obj_bb: [230,171,110,104]
  obj_id: 1
60:
- cam_R_m2c: [ 0.93760002, 0.34779999, 0.        ,-0.2665    , 0.71820003,-0.64279997,
  0.2236    ,-0.6027    ,-0.76599997]
  cam_t_m2c: [ 459.59999084,  -5.69299996,1583.44497681]
  obj_bb: [350,180,116,140]
  obj_id: 1
61:
- cam_R_m2c: [ 0.93559998,-0.3531    , 0.        , 0.2705    , 0.71670002,-0.64279997,
 -0.227     ,-0.60140002,-0.76599997]
  cam_t_m2c: [-269.60899353,  81.13800049,1502.61001587]
  obj_bb: [204,196,117,147]
  obj_id: 1
62:
- cam_R_m2c: [-0.68110001,-0.73220003, 0.        , 0.56089997,-0.52179998,-0.64279997,
 -0.47060001, 0.43779999,-0.76599997]
  cam_t_m2c: [-424.39899445, -45.29799938,1593.13995361]
  obj_bb: [182,201,121,111]
  obj_id: 1
63:
- cam_R_m2c: [-0.73280001, 0.68040001, 0.        ,-0.5212    ,-0.5614    ,-0.64279997,
  0.43740001, 0.47099999,-0.76599997]
  cam_t_m2c: [-300.80099106, 103.67699623,1492.51205444]
  obj_bb: [192,229,132,123]
  obj_id: 1
64:
- cam_R_m2c: [ 0.0695    ,-0.99760002, 0.        , 0.76419997, 0.0532    ,-0.64279997,
 -0.64120001,-0.0446    ,-0.76599997]
  cam_t_m2c: [ 323.14899445,  13.64300013,1557.12905884]
  obj_bb: [325,199,118,108]
  obj_id: 1
65:
- cam_R_m2c: [-0.48269999, 0.87580001, 0.        ,-0.67089999,-0.3698    ,-0.64279997,
  0.56290001, 0.31029999,-0.76599997]
  cam_t_m2c: [-382.25601196,-196.24500275,1719.30206299]
  obj_bb: [197,169,114,106]
  obj_id: 1
66:
- cam_R_m2c: [ 0.84149998, 0.54030001, 0.        ,-0.41389999, 0.64459997,-0.64279997,
  0.34729999,-0.54089999,-0.76599997]
  cam_t_m2c: [-474.84901428,-269.5070076 ,1775.82504272]
  obj_bb: [193,137, 98,127]
  obj_id: 1
67:
- cam_R_m2c: [-0.7568    ,-0.65369999, 0.        , 0.5007    ,-0.57969999,-0.64279997,
 -0.42019999, 0.48649999,-0.76599997]
  cam_t_m2c: [  15.61499953,-220.99599838,1739.10705566]
  obj_bb: [268,169,112,105]
  obj_id: 1
68:
- cam_R_m2c: [ 0.58490002, 0.81110001, 0.        ,-0.6214    , 0.44800001,-0.64279997,
  0.52139997,-0.37599999,-0.76599997]
  cam_t_m2c: [ 104.02799606,-132.49500275,1658.84292603]
  obj_bb: [278,161,120,129]
  obj_id: 1
69:
- cam_R_m2c: [ 0.98720002, 0.15979999, 0.        ,-0.1224    , 0.75620002,-0.64279997,
  0.1027    ,-0.63450003,-0.76599997]
  cam_t_m2c: [ -11.11799955,  12.37800002,1564.60006714]
  obj_bb: [277,183, 89,138]
  obj_id: 1
70:
- cam_R_m2c: [-0.98540002, 0.1705    , 0.        ,-0.13060001,-0.75480002,-0.64279997,
  0.1096    , 0.63340002,-0.76599997]
  cam_t_m2c: [-438.50101471,-225.23899078,1781.07894897]
  obj_bb: [197,175, 92, 93]
  obj_id: 1
71:
- cam_R_m2c: [-0.56760001, 0.8233    , 0.        ,-0.63069999,-0.4348    ,-0.64279997,
  0.52920002, 0.36489999,-0.76599997]
  cam_t_m2c: [ 360.10700226,-212.40699768,1766.34292603]
  obj_bb: [323,169,113,104]
  obj_id: 1
72:
- cam_R_m2c: [-0.71109998,-0.70310003, 0.        , 0.53860003,-0.54470003,-0.64279997,
 -0.45190001, 0.4571    ,-0.76599997]
  cam_t_m2c: [ 296.14299774, -39.15499926,1583.42300415]
  obj_bb: [313,203,126,112]
  obj_id: 1
73:
- cam_R_m2c: [ 0.81080002, 0.58530003, 0.        ,-0.44839999, 0.62110001,-0.64279997,
  0.37619999,-0.5212    ,-0.76599997]
  cam_t_m2c: [-299.79499817,-227.47600555,1765.17105103]
  obj_bb: [219,145,103,127]
  obj_id: 1
74:
- cam_R_m2c: [-0.285     , 0.95850003, 0.        ,-0.73430002,-0.2183    ,-0.64279997,
  0.61610001, 0.1832    ,-0.76599997]
  cam_t_m2c: [ -71.6989994 , -61.29399776,1641.88995361]
  obj_bb: [251,191,114,106]
  obj_id: 1
75:
- cam_R_m2c: [-0.69779998,-0.71630001, 0.        , 0.54869998,-0.5345    ,-0.64279997,
 -0.46039999, 0.44850001,-0.76599997]
  cam_t_m2c: [ 373.75      , -41.4109993 ,1581.71401978]
  obj_bb: [327,202,127,112]
  obj_id: 1
76:
- cam_R_m2c: [-0.44600001, 0.89499998, 0.        ,-0.68559998,-0.34169999,-0.64279997,
  0.57529998, 0.28670001,-0.76599997]
  cam_t_m2c: [-303.85299683,-212.08499908,1763.37905884]
  obj_bb: [214,167,110,104]
  obj_id: 1
77:
- cam_R_m2c: [-0.7525    ,-0.65859997, 0.        , 0.50449997,-0.5765    ,-0.64279997,
 -0.4233    , 0.48370001,-0.76599997]
  cam_t_m2c: [  47.78299809,-126.61600113,1695.05401611]
  obj_bb: [272,188,115,106]
  obj_id: 1
78:
- cam_R_m2c: [-0.3766    ,-0.92640001, 0.        , 0.70969999,-0.28850001,-0.64279997,
 -0.59549999, 0.2421    ,-0.76599997]
  cam_t_m2c: [-301.99199677,   3.50600004,1571.00097656]
  obj_bb: [198,206,126,110]
  obj_id: 1
79:
- cam_R_m2c: [-0.51450002,-0.85750002, 0.        , 0.65689999,-0.39410001,-0.64279997,
 -0.55119997, 0.33070001,-0.76599997]
  cam_t_m2c: [ 228.57400894, 117.79800415,1483.75701904]
  obj_bb: [298,235,132,115]
  obj_id: 1
80:
- cam_R_m2c: [-0.0719    ,-0.99739999, 0.        , 0.76410002,-0.0551    ,-0.64279997,
 -0.64109999, 0.0462    ,-0.76599997]
  cam_t_m2c: [ 422.27500916, 117.87099838,1482.51495361]
  obj_bb: [345,225,127,107]
  obj_id: 1
81:
- cam_R_m2c: [-0.97149998, 0.23720001, 0.        ,-0.18170001,-0.74419999,-0.64279997,
  0.1525    , 0.62449998,-0.76599997]
  cam_t_m2c: [ -84.05799866, -53.17399979,1588.43307495]
  obj_bb: [251,201, 98,108]
  obj_id: 1
82:
- cam_R_m2c: [-0.0979    ,-0.99519998, 0.        , 0.76239997,-0.075     ,-0.64279997,
 -0.6397    , 0.0629    ,-0.76599997]
  cam_t_m2c: [ 293.63800049, -28.89199972,1578.63494873]
  obj_bb: [319,193,114,106]
  obj_id: 1
83:
- cam_R_m2c: [ 0.7288    ,-0.68470001, 0.        , 0.52450001, 0.55830002,-0.64279997,
 -0.44010001,-0.46849999,-0.76599997]
  cam_t_m2c: [-423.05698395, -40.71800232,1592.88101196]
  obj_bb: [177,176,126,139]
  obj_id: 1
84:
- cam_R_m2c: [-0.56150001, 0.82749999, 0.        ,-0.63389999,-0.43009999,-0.64279997,
  0.53189999, 0.36090001,-0.76599997]
  cam_t_m2c: [ 345.42999268, -82.12900162,1651.2840271 ]
  obj_bb: [320,192,121,108]
  obj_id: 1
85:
- cam_R_m2c: [-0.92559999,-0.37850001, 0.        , 0.2899    ,-0.70910001,-0.64279997,
 -0.24330001, 0.59500003,-0.76599997]
  cam_t_m2c: [-119.76599693,-178.54499817,1738.80401611]
  obj_bb: [254,182, 95, 99]
  obj_id: 1
86:
- cam_R_m2c: [ 0.9795    , 0.2013    , 0.        ,-0.1542    , 0.75040001,-0.64279997,
  0.1294    ,-0.62959999,-0.76599997]
  cam_t_m2c: [ -47.65100002, -38.2130003 ,1590.19500732]
  obj_bb: [269,173, 90,137]
  obj_id: 1
87:
- cam_R_m2c: [-0.98769999,-0.1566    , 0.        , 0.12      ,-0.75660002,-0.64279997,
 -0.1007    , 0.63489997,-0.76599997]
  cam_t_m2c: [-316.060009  , -91.68499947,1651.97799683]
  obj_bb: [225,196, 79,100]
  obj_id: 1
88:
- cam_R_m2c: [ 0.49630001,-0.86809999, 0.        , 0.66500002, 0.3802    ,-0.64279997,
 -0.55800003,-0.31900001,-0.76599997]
  cam_t_m2c: [  63.13499928, -54.74100113,1597.41699219]
  obj_bb: [270,176,124,130]
  obj_id: 1
89:
- cam_R_m2c: [-0.29179999, 0.95649999, 0.        ,-0.73269999,-0.2235    ,-0.64279997,
  0.61479998, 0.1875    ,-0.76599997]
  cam_t_m2c: [-142.68600464, -36.4260006 ,1588.50601196]
  obj_bb: [236,195,117,109]
  obj_id: 1
90:
- cam_R_m2c: [-0.33629999,-0.9418    , 0.        , 0.72140002,-0.25760001,-0.64279997,
 -0.60540003, 0.21610001,-0.76599997]
  cam_t_m2c: [-266.59200668,  98.13500404,1496.46697998]
  obj_bb: [200,226,131,112]
  obj_id: 1
91:
- cam_R_m2c: [ 0.5018    ,-0.86500001, 0.        , 0.66259998, 0.38440001,-0.64279997,
 -0.55599999,-0.32260001,-0.76599997]
  cam_t_m2c: [  14.78999972,  47.36299992,1526.41403198]
  obj_bb: [259,197,129,134]
  obj_id: 1
92:
- cam_R_m2c: [-0.80809999,-0.5891    , 0.        , 0.4513    ,-0.61900002,-0.64279997,
 -0.37869999, 0.5194    ,-0.76599997]
  cam_t_m2c: [-404.99000549,-173.22299957,1735.93795776]
  obj_bb: [200,180,104,103]
  obj_id: 1
93:
- cam_R_m2c: [ 0.37450001, 0.92720002, 0.        ,-0.71030003, 0.28690001,-0.64279997,
  0.59600002,-0.24070001,-0.76599997]
  cam_t_m2c: [-365.59101105,-144.34599876,1679.4039917 ]
  obj_bb: [194,163,119,119]
  obj_id: 1
94:
- cam_R_m2c: [ 0.2568    ,-0.96649998, 0.        , 0.7403    , 0.19670001,-0.64279997,
 -0.62120003,-0.16509999,-0.76599997]
  cam_t_m2c: [-416.12800598, -44.91700172,1616.34796143]
  obj_bb: [185,184,116,116]
  obj_id: 1
95:
- cam_R_m2c: [-0.88319999,-0.4691    , 0.        , 0.35929999,-0.67650002,-0.64279997,
 -0.30149999, 0.56770003,-0.76599997]
  cam_t_m2c: [ 144.34100151,  97.82699585,1460.8770752 ]
  obj_bb: [290,225,124,127]
  obj_id: 1
96:
- cam_R_m2c: [-0.94510001, 0.32690001, 0.        ,-0.25040001,-0.72399998,-0.64279997,
  0.2101    , 0.60750002,-0.76599997]
  cam_t_m2c: [ 424.68799591,-136.88500404,1704.4430542 ]
  obj_bb: [347,189, 87,100]
  obj_id: 1
97:
- cam_R_m2c: [ 0.98839998,-0.1517    , 0.        , 0.1162    , 0.7572    ,-0.64279997,
 -0.0975    ,-0.6354    ,-0.76599997]
  cam_t_m2c: [-220.81100464,-239.17999268,1773.22799683]
  obj_bb: [236,142, 85,123]
  obj_id: 1
98:
- cam_R_m2c: [-0.99269998, 0.1207    , 0.        ,-0.0924    ,-0.7604    ,-0.64279997,
  0.0776    , 0.63810003,-0.76599997]
  cam_t_m2c: [-215.9280014 ,-177.06100464,1713.89205933]
  obj_bb: [236,183, 85, 94]
  obj_id: 1
99:
- cam_R_m2c: [-0.29269999, 0.9562    , 0.        ,-0.73250002,-0.2242    ,-0.64279997,
  0.6146    , 0.1881    ,-0.76599997]
  cam_t_m2c: [  33.31500053, -24.02299881,1609.9319458 ]
  obj_bb: [268,199,118,107]
  obj_id: 1
100:
- cam_R_m2c: [ 0.99580002, 0.0917    , 0.        ,-0.0702    , 0.76279998,-0.64279997,
  0.0589    ,-0.6401    ,-0.76599997]
  cam_t_m2c: [ 181.33300781,  62.98299789,1538.32794189]
  obj_bb: [313,193, 91,138]
  obj_id: 1
101:
- cam_R_m2c: [-0.54939997, 0.83560002, 0.        ,-0.6401    ,-0.4208    ,-0.64279997,
  0.53710002, 0.3531    ,-0.76599997]
  cam_t_m2c: [ 381.99199677,-175.97700119,1723.67706299]
  obj_bb: [327,174,116,106]
  obj_id: 1
102:
- cam_R_m2c: [ 0.88340002, 0.46869999, 0.        ,-0.359     , 0.6767    ,-0.64279997,
  0.30129999,-0.56779999,-0.76599997]
  cam_t_m2c: [ 306.0890007 ,-159.44299698,1695.80596924]
  obj_bb: [320,154,111,133]
  obj_id: 1
103:
- cam_R_m2c: [ 0.99849999, 0.0555    , 0.        ,-0.0425    , 0.76490003,-0.64279997,
  0.0357    ,-0.64179999,-0.76599997]
  cam_t_m2c: [  43.02199841,-135.14200211,1670.38604736]
  obj_bb: [292,157, 77,128]
  obj_id: 1
104:
- cam_R_m2c: [ 0.89020002,-0.45550001, 0.        , 0.34889999, 0.68199998,-0.64279997,
 -0.29280001,-0.5722    ,-0.76599997]
  cam_t_m2c: [-387.1680069 ,  93.52999687,1485.11993408]
  obj_bb: [176,199,128,150]
  obj_id: 1
105:
- cam_R_m2c: [-0.79939997, 0.60070002, 0.        ,-0.46020001,-0.6124    ,-0.64279997,
  0.38620001, 0.51389998,-0.76599997]
  cam_t_m2c: [  24.375     , -35.95200062,1570.81802368]
  obj_bb: [261,204,120,113]
  obj_id: 1
106:
- cam_R_m2c: [ 0.78979999,-0.61330003, 0.        , 0.4698    , 0.60500002,-0.64279997,
 -0.3942    ,-0.50770003,-0.76599997]
  cam_t_m2c: [-409.23301697, -63.8380003 ,1633.50601196]
  obj_bb: [183,171,122,137]
  obj_id: 1
107:
- cam_R_m2c: [-0.90670002, 0.42179999, 0.        ,-0.3231    ,-0.69459999,-0.64279997,
  0.27110001, 0.58279997,-0.76599997]
  cam_t_m2c: [ 377.95898438,-252.15799332,1798.14498901]
  obj_bb: [334,168, 90, 99]
  obj_id: 1
108:
- cam_R_m2c: [ 0.56950003,-0.82200003, 0.        , 0.62970001, 0.43619999,-0.64279997,
 -0.5284    ,-0.366     ,-0.76599997]
  cam_t_m2c: [ 249.44799423,-135.81100464,1654.91195679]
  obj_bb: [304,161,120,129]
  obj_id: 1
109:
- cam_R_m2c: [ 0.9799    ,-0.19949999, 0.        , 0.15279999, 0.75059998,-0.64279997,
 -0.12819999,-0.62989998,-0.76599997]
  cam_t_m2c: [-492.18299866,  87.61199951,1510.89401245]
  obj_bb: [162,198,114,143]
  obj_id: 1
110:
- cam_R_m2c: [-0.82450002, 0.56590003, 0.        ,-0.43349999,-0.63160002,-0.64279997,
  0.3637    , 0.52999997,-0.76599997]
  cam_t_m2c: [ 383.63800049,   9.43799973,1546.90200806]
  obj_bb: [332,211,114,117]
  obj_id: 1
111:
- cam_R_m2c: [ 0.36610001,-0.93059999, 0.        , 0.71289998, 0.28040001,-0.64279997,
 -0.59820002,-0.2353    ,-0.76599997]
  cam_t_m2c: [ 414.18498993, -96.80700302,1671.58203125]
  obj_bb: [334,173,120,119]
  obj_id: 1
112:
- cam_R_m2c: [-0.80110002,-0.59850001, 0.        , 0.4585    ,-0.61369997,-0.64279997,
 -0.3847    , 0.51490003,-0.76599997]
  cam_t_m2c: [-186.96800232,-165.58599472,1692.86102295]
  obj_bb: [234,180,110,106]
  obj_id: 1
113:
- cam_R_m2c: [-0.84640002, 0.53250003, 0.        ,-0.40790001,-0.64840001,-0.64279997,
  0.3423    , 0.54409999,-0.76599997]
  cam_t_m2c: [  55.84000111,  98.5739994 ,1491.77703857]
  obj_bb: [266,226,121,125]
  obj_id: 1
114:
- cam_R_m2c: [ 0.7202    , 0.69379997, 0.        ,-0.53149998, 0.5517    ,-0.64279997,
  0.44600001,-0.46290001,-0.76599997]
  cam_t_m2c: [ 382.84698486,-198.9209938 ,1712.4760437 ]
  obj_bb: [328,149,117,130]
  obj_id: 1
115:
- cam_R_m2c: [-0.52359998, 0.85189998, 0.        ,-0.65259999,-0.40110001,-0.64279997,
  0.54759997, 0.33660001,-0.76599997]
  cam_t_m2c: [ 316.04000092, -94.31200027,1628.7210083 ]
  obj_bb: [315,188,123,110]
  obj_id: 1
116:
- cam_R_m2c: [ 0.0574    ,-0.99839997, 0.        , 0.76480001, 0.044     ,-0.64279997,
 -0.64170003,-0.0369    ,-0.76599997]
  cam_t_m2c: [ 143.33499908,  -8.27099979,1552.03094482]
  obj_bb: [291,194,115,108]
  obj_id: 1
117:
- cam_R_m2c: [-0.65750003, 0.75340003, 0.        ,-0.5772    ,-0.50370002,-0.64279997,
  0.48429999, 0.42269999,-0.76599997]
  cam_t_m2c: [ 463.93100739,  60.60100079,1536.98699951]
  obj_bb: [343,223,126,115]
  obj_id: 1
118:
- cam_R_m2c: [-0.8524    , 0.52289999, 0.        ,-0.40059999,-0.653     ,-0.64279997,
  0.33610001, 0.54790002,-0.76599997]
  cam_t_m2c: [ -72.09499836, -89.90699768,1632.01202393]
  obj_bb: [247,195,113,108]
  obj_id: 1
119:
- cam_R_m2c: [-0.70480001, 0.7094    , 0.        ,-0.54339999,-0.5399    ,-0.64279997,
  0.456     , 0.45300001,-0.76599997]
  cam_t_m2c: [-304.8290062 ,   3.67199987,1541.52404785]
  obj_bb: [195,212,129,114]
  obj_id: 1
120:
- cam_R_m2c: [-0.82700002, 0.56220001, 0.        ,-0.4307    ,-0.63349998,-0.64279997,
  0.36140001, 0.5316    ,-0.76599997]
  cam_t_m2c: [-306.81200027,-136.70399666,1657.77404785]
  obj_bb: [204,186,117,107]
  obj_id: 1
121:
- cam_R_m2c: [-0.8132    , 0.58200002, 0.        ,-0.44589999,-0.62290001,-0.64279997,
  0.3741    , 0.52270001,-0.76599997]
  cam_t_m2c: [ 312.59300232,-218.10100555,1772.23602295]
  obj_bb: [318,172,103,102]
  obj_id: 1
122:
- cam_R_m2c: [-0.48339999, 0.87540001, 0.        ,-0.6706    ,-0.37029999,-0.64279997,
  0.56269997, 0.3107    ,-0.76599997]
  cam_t_m2c: [-376.88499451, -88.58400345,1630.31692505]
  obj_bb: [192,189,120,109]
  obj_id: 1
123:
- cam_R_m2c: [-0.49349999,-0.86970001, 0.        , 0.6663    ,-0.37799999,-0.64279997,
 -0.55909997, 0.31720001,-0.76599997]
  cam_t_m2c: [ 429.9369812 ,-139.39499855,1658.57406616]
  obj_bb: [336,178,119,109]
  obj_id: 1
124:
- cam_R_m2c: [ 0.042     , 0.99910003, 0.        ,-0.76539999, 0.0322    ,-0.64279997,
  0.64219999,-0.027     ,-0.76599997]
  cam_t_m2c: [  61.94300175,  30.28800011,1527.02194214]
  obj_bb: [273,202,118,108]
  obj_id: 1
125:
- cam_R_m2c: [ 0.75980002, 0.65009999, 0.        ,-0.498     , 0.58209997,-0.64279997,
  0.4179    ,-0.48840001,-0.76599997]
  cam_t_m2c: [ 288.57400894,  21.50399923,1535.43502808]
  obj_bb: [312,187,128,144]
  obj_id: 1
126:
- cam_R_m2c: [ 0.95959997,-0.28130001, 0.        , 0.2155    , 0.73509997,-0.64279997,
 -0.18080001,-0.61680001,-0.76599997]
  cam_t_m2c: [-119.5510006 ,  95.50800323,1477.02896118]
  obj_bb: [237,199,109,148]
  obj_id: 1
127:
- cam_R_m2c: [ 0.64139998,-0.76719999, 0.        , 0.58770001, 0.4914    ,-0.64279997,
 -0.49309999,-0.41229999,-0.76599997]
  cam_t_m2c: [-126.75299644, -63.67199898,1629.3649292 ]
  obj_bb: [235,174,122,133]
  obj_id: 1
128:
- cam_R_m2c: [-0.99919999,-0.0392    , 0.        , 0.03      ,-0.76550001,-0.64279997,
 -0.0252    , 0.64230001,-0.76599997]
  cam_t_m2c: [ 499.88300323,-196.69399261,1736.47003174]
  obj_bb: [364,180, 87, 91]
  obj_id: 1
129:
- cam_R_m2c: [-0.96859998,-0.24860001, 0.        , 0.1904    ,-0.74199998,-0.64279997,
 -0.15979999, 0.62260002,-0.76599997]
  cam_t_m2c: [-291.12800598,-138.31500053,1680.94192505]
  obj_bb: [229,189, 84,100]
  obj_id: 1
130:
- cam_R_m2c: [-0.333     ,-0.9429    , 0.        , 0.72229999,-0.25510001,-0.64279997,
 -0.60610002, 0.2141    ,-0.76599997]
  cam_t_m2c: [-498.83300781,-105.86899757,1648.51104736]
  obj_bb: [167,182,123,107]
  obj_id: 1
131:
- cam_R_m2c: [-0.46000001, 0.88789999, 0.        ,-0.68019998,-0.3524    ,-0.64279997,
  0.57069999, 0.29570001,-0.76599997]
  cam_t_m2c: [ -28.17899942,-153.98900032,1686.59194946]
  obj_bb: [257,176,117,107]
  obj_id: 1
132:
- cam_R_m2c: [ 0.8427    ,-0.53839999, 0.        , 0.41249999, 0.6455    ,-0.64279997,
 -0.3461    ,-0.54170001,-0.76599997]
  cam_t_m2c: [ 141.07899666,   7.18299985,1556.48696899]
  obj_bb: [286,183,115,144]
  obj_id: 1
133:
- cam_R_m2c: [-0.89429998,-0.4474    , 0.        , 0.34279999,-0.68510002,-0.64279997,
 -0.28760001, 0.57489997,-0.76599997]
  cam_t_m2c: [-236.98699951,  33.04699898,1537.22702026]
  obj_bb: [223,215,108,118]
  obj_id: 1
134:
- cam_R_m2c: [ 0.73140001, 0.68199998, 0.        ,-0.52240002, 0.56029999,-0.64279997,
  0.4384    ,-0.47009999,-0.76599997]
  cam_t_m2c: [-171.79700851,-215.89399338,1755.97198486]
  obj_bb: [236,148,110,127]
  obj_id: 1
135:
- cam_R_m2c: [ 0.56379998, 0.82590002, 0.        ,-0.63270003, 0.43189999,-0.64279997,
  0.5309    ,-0.3624    ,-0.76599997]
  cam_t_m2c: [-444.90699768, 126.43600464,1481.8409729 ]
  obj_bb: [165,213,134,140]
  obj_id: 1
136:
- cam_R_m2c: [-0.977     , 0.2131    , 0.        ,-0.16320001,-0.74849999,-0.64279997,
  0.13699999, 0.62800002,-0.76599997]
  cam_t_m2c: [ 204.89299774,  71.20100021,1483.60107422]
  obj_bb: [310,222, 92,119]
  obj_id: 1
137:
- cam_R_m2c: [-0.54439998, 0.83880001, 0.        ,-0.6426    ,-0.417     ,-0.64279997,
  0.53920001, 0.34990001,-0.76599997]
  cam_t_m2c: [ -42.00200081,-111.08400345,1652.10006714]
  obj_bb: [252,186,120,109]
  obj_id: 1
138:
- cam_R_m2c: [-0.36340001,-0.93159997, 0.        , 0.7137    ,-0.2784    ,-0.64279997,
 -0.5988    , 0.23360001,-0.76599997]
  cam_t_m2c: [ -29.88800049,  89.47799683,1501.37207031]
  obj_bb: [248,225,128,112]
  obj_id: 1
139:
- cam_R_m2c: [-0.75669998,-0.65380001, 0.        , 0.50080001,-0.57959998,-0.64279997,
 -0.42030001, 0.48640001,-0.76599997]
  cam_t_m2c: [-102.06500053,-220.83999634,1764.76593018]
  obj_bb: [249,170,109,104]
  obj_id: 1
140:
- cam_R_m2c: [-0.19149999, 0.98150003, 0.        ,-0.75190002,-0.14669999,-0.64279997,
  0.63090003, 0.1231    ,-0.76599997]
  cam_t_m2c: [ 184.16999817,-204.10200119,1736.68502808]
  obj_bb: [299,163,108,102]
  obj_id: 1
141:
- cam_R_m2c: [-0.96020001, 0.27939999, 0.        ,-0.214     ,-0.73549998,-0.64279997,
  0.1796    , 0.61720002,-0.76599997]
  cam_t_m2c: [-491.875     , 102.77299881,1480.44692993]
  obj_bb: [156,227,122,122]
  obj_id: 1
142:
- cam_R_m2c: [-0.66339999,-0.74830002, 0.        , 0.57319999,-0.50819999,-0.64279997,
 -0.48100001, 0.42640001,-0.76599997]
  cam_t_m2c: [ 384.24800873,  84.64799881,1509.72198486]
  obj_bb: [329,227,132,118]
  obj_id: 1
143:
- cam_R_m2c: [-0.9526    , 0.30419999, 0.        ,-0.233     ,-0.72970003,-0.64279997,
  0.1955    , 0.61229998,-0.76599997]
  cam_t_m2c: [ -73.25699806,   9.60900009,1574.57000732]
  obj_bb: [250,211,103,112]
  obj_id: 1
144:
- cam_R_m2c: [ 0.7112    , 0.70300001, 0.        ,-0.53850001, 0.54479998,-0.64279997,
  0.45190001,-0.4571    ,-0.76599997]
  cam_t_m2c: [-261.25      ,  46.61099911,1522.78305054]
  obj_bb: [208,193,125,144]
  obj_id: 1
145:
- cam_R_m2c: [ 0.69660002, 0.71749997, 0.        ,-0.54960001, 0.53359997,-0.64279997,
  0.4612    ,-0.44780001,-0.76599997]
  cam_t_m2c: [ 384.76600647,-204.66299057,1729.02404785]
  obj_bb: [328,149,116,128]
  obj_id: 1
146:
- cam_R_m2c: [-0.29190001,-0.95649999, 0.        , 0.73269999,-0.2236    ,-0.64279997,
 -0.61479998, 0.1876    ,-0.76599997]
  cam_t_m2c: [-102.79800415, -29.60900068,1586.13998413]
  obj_bb: [238,197,121,109]
  obj_id: 1
147:
- cam_R_m2c: [ 0.70060003, 0.71359998, 0.        ,-0.54659998, 0.53670001,-0.64279997,
  0.4587    ,-0.45030001,-0.76599997]
  cam_t_m2c: [  89.80500221,-169.5359993 ,1700.26397705]
  obj_bb: [278,154,116,130]
  obj_id: 1
148:
- cam_R_m2c: [ 0.9939    , 0.11      , 0.        ,-0.0843    , 0.76139998,-0.64279997,
  0.0707    ,-0.63889998,-0.76599997]
  cam_t_m2c: [ -85.30799866,-199.56100464,1731.8510437 ]
  obj_bb: [270,147, 75,125]
  obj_id: 1
149:
- cam_R_m2c: [-0.9278    , 0.37310001, 0.        ,-0.28580001,-0.71069998,-0.64279997,
  0.23980001, 0.59640002,-0.76599997]
  cam_t_m2c: [ 322.08000183,-197.78799057,1743.125     ]
  obj_bb: [326,178, 90, 99]
  obj_id: 1
150:
- cam_R_m2c: [-0.61760002,-0.78649998, 0.        , 0.60250002,-0.47310001,-0.64279997,
 -0.50559998, 0.39700001,-0.76599997]
  cam_t_m2c: [-353.20301056,  59.82900143,1497.31002808]
  obj_bb: [186,223,131,117]
  obj_id: 1
151:
- cam_R_m2c: [-0.0895    ,-0.99599999, 0.        , 0.76300001,-0.0686    ,-0.64279997,
 -0.64020002, 0.0575    ,-0.76599997]
  cam_t_m2c: [-485.77098846,  69.98000145,1492.61505127]
  obj_bb: [154,214,131,108]
  obj_id: 1
152:
- cam_R_m2c: [ 0.71170002,-0.70249999, 0.        , 0.53820002, 0.54519999,-0.64279997,
 -0.45159999,-0.45739999,-0.76599997]
  cam_t_m2c: [-479.24301147, -60.10300159,1618.7550354 ]
  obj_bb: [168,173,125,136]
  obj_id: 1
153:
- cam_R_m2c: [-0.97680002,-0.2141    , 0.        , 0.164     ,-0.74830002,-0.64279997,
 -0.1376    , 0.6279    ,-0.76599997]
  cam_t_m2c: [ 143.57899666,  39.35499907,1551.2159729 ]
  obj_bb: [301,217,100,112]
  obj_id: 1
154:
- cam_R_m2c: [ 0.75510001, 0.65560001, 0.        ,-0.50220001, 0.57840002,-0.64279997,
  0.42140001,-0.48539999,-0.76599997]
  cam_t_m2c: [-237.84200668,-216.28900528,1771.04995728]
  obj_bb: [227,148,107,126]
  obj_id: 1
155:
- cam_R_m2c: [-0.13850001,-0.99040002, 0.        , 0.75870001,-0.1061    ,-0.64279997,
 -0.63660002, 0.089     ,-0.76599997]
  cam_t_m2c: [-202.83700943, -39.60000038,1598.00796509]
  obj_bb: [221,192,116,106]
  obj_id: 1
156:
- cam_R_m2c: [ 0.9781    ,-0.20810001, 0.        , 0.1594    , 0.7493    ,-0.64279997,
 -0.1338    ,-0.62870002,-0.76599997]
  cam_t_m2c: [ 379.42401886,  55.95699787,1500.87402344]
  obj_bb: [347,190, 88,145]
  obj_id: 1
157:
- cam_R_m2c: [-0.3319    ,-0.94330001, 0.        , 0.72259998,-0.2543    ,-0.64279997,
 -0.6063    , 0.21340001,-0.76599997]
  cam_t_m2c: [  78.08599949,  85.40499687,1498.70407104]
  obj_bb: [270,223,126,112]
  obj_id: 1
158:
- cam_R_m2c: [-0.9971    , 0.0766    , 0.        ,-0.0587    ,-0.76380002,-0.64279997,
  0.0492    , 0.64090002,-0.76599997]
  cam_t_m2c: [ 380.98098755,  72.08000183,1488.97201538]
  obj_bb: [354,223, 89,112]
  obj_id: 1
159:
- cam_R_m2c: [-0.95060003,-0.3105    , 0.        , 0.2378    ,-0.72820002,-0.64279997,
 -0.1996    , 0.611     ,-0.76599997]
  cam_t_m2c: [ 402.4369812 ,  -3.10499996,1553.15200806]
  obj_bb: [342,209,115,114]
  obj_id: 1
160:
- cam_R_m2c: [-0.62269998,-0.78250003, 0.        , 0.59939998,-0.477     ,-0.64279997,
 -0.50300002, 0.4003    ,-0.76599997]
  cam_t_m2c: [ 404.51198578, -37.71500111,1599.73205566]
  obj_bb: [332,202,125,111]
  obj_id: 1
161:
- cam_R_m2c: [-0.50819999, 0.86119998, 0.        ,-0.65979999,-0.38929999,-0.64279997,
  0.55360001, 0.3267    ,-0.76599997]
  cam_t_m2c: [-103.95500183,-162.34399796,1720.93795776]
  obj_bb: [244,176,115,105]
  obj_id: 1
162:
- cam_R_m2c: [ 0.46000001, 0.88789999, 0.        ,-0.68019998, 0.3524    ,-0.64279997,
  0.57069999,-0.29570001,-0.76599997]
  cam_t_m2c: [ -83.47700119,-150.30799866,1685.26397705]
  obj_bb: [245,161,118,123]
  obj_id: 1
163:
- cam_R_m2c: [ 0.3682    ,-0.92970002, 0.        , 0.71219999, 0.28209999,-0.64279997,
 -0.59759998,-0.2367    ,-0.76599997]
  cam_t_m2c: [-378.89598846,-185.02399445,1732.17300415]
  obj_bb: [198,158,113,116]
  obj_id: 1
164:
- cam_R_m2c: [-0.78740001,-0.61650002, 0.        , 0.47229999,-0.6031    ,-0.64279997,
 -0.39629999, 0.5061    ,-0.76599997]
  cam_t_m2c: [-439.01901245, -49.39899921,1620.49301147]
  obj_bb: [186,203,112,109]
  obj_id: 1
165:
- cam_R_m2c: [ 0.62959999,-0.77689999, 0.        , 0.5952    , 0.48230001,-0.64279997,
 -0.49939999,-0.40470001,-0.76599997]
  cam_t_m2c: [-315.54199219,-100.26399612,1665.32196045]
  obj_bb: [203,168,120,130]
  obj_id: 1
166:
- cam_R_m2c: [-0.4777    , 0.87849998, 0.        ,-0.67299998,-0.36590001,-0.64279997,
  0.56470001, 0.30700001,-0.76599997]
  cam_t_m2c: [ -48.22800159,-232.01700211,1769.60906982]
  obj_bb: [256,163,112,104]
  obj_id: 1
167:
- cam_R_m2c: [ 0.6753    , 0.73760003, 0.        ,-0.565     , 0.51730001,-0.64279997,
  0.47409999,-0.4341    ,-0.76599997]
  cam_t_m2c: [-146.34799957,  17.53399968,1554.24804688]
  obj_bb: [230,188,125,140]
  obj_id: 1
168:
- cam_R_m2c: [-0.4032    ,-0.91509998, 0.        , 0.70099998,-0.3089    ,-0.64279997,
 -0.58819997, 0.25920001,-0.76599997]
  cam_t_m2c: [-481.01100922,-219.27700043,1765.13702393]
  obj_bb: [180,164,115,104]
  obj_id: 1
169:
- cam_R_m2c: [-0.40630001, 0.91369998, 0.        ,-0.69999999,-0.31119999,-0.64279997,
  0.5873    , 0.26120001,-0.76599997]
  cam_t_m2c: [-232.80799866,  -1.77699998,1560.95001221]
  obj_bb: [215,205,123,111]
  obj_id: 1
170:
- cam_R_m2c: [-0.28740001, 0.95779997, 0.        ,-0.73369998,-0.2201    ,-0.64279997,
  0.61570001, 0.1847    ,-0.76599997]
  cam_t_m2c: [-388.23699951,-167.935009  ,1704.67300415]
  obj_bb: [196,171,112,105]
  obj_id: 1
171:
- cam_R_m2c: [-0.74510002, 0.667     , 0.        ,-0.51090002,-0.57080001,-0.64279997,
  0.4287    , 0.47889999,-0.76599997]
  cam_t_m2c: [ 433.07598114, 111.37700081,1469.52606201]
  obj_bb: [340,230,126,125]
  obj_id: 1
172:
- cam_R_m2c: [ 0.43560001,-0.90009999, 0.        , 0.68949997, 0.3337    ,-0.64279997,
 -0.57859999,-0.28      ,-0.76599997]
  cam_t_m2c: [-233.69100571,-223.57400894,1759.51705933]
  obj_bb: [224,150,112,118]
  obj_id: 1
173:
- cam_R_m2c: [ 0.45629999, 0.88980001, 0.        ,-0.68159997, 0.3495    ,-0.64279997,
  0.57200003,-0.2933    ,-0.76599997]
  cam_t_m2c: [-246.66000366,  22.86600113,1523.97201538]
  obj_bb: [205,192,130,133]
  obj_id: 1
174:
- cam_R_m2c: [-0.53490001,-0.84490001, 0.        , 0.64719999,-0.40979999,-0.64279997,
 -0.5431    , 0.34380001,-0.76599997]
  cam_t_m2c: [-150.95700264,-126.33799553,1660.42007446]
  obj_bb: [232,182,120,109]
  obj_id: 1
175:
- cam_R_m2c: [-0.3637    ,-0.93150002, 0.        , 0.71359998,-0.27860001,-0.64279997,
 -0.5988    , 0.23379999,-0.76599997]
  cam_t_m2c: [-168.07600021,  22.18300104,1534.57794189]
  obj_bb: [222,209,127,112]
  obj_id: 1
176:
- cam_R_m2c: [ 0.35260001, 0.93580002, 0.        ,-0.71689999, 0.2701    ,-0.64279997,
  0.60149997,-0.22660001,-0.76599997]
