0:
- cam_R_m2c: [-0.9723050844818578, -0.22881527947143057, 0.04760662318562715, -0.15399799663036015, 0.47400915894500717, -0.8669486341589577, 0.17580511859602593, -0.8502698895742798, -0.49611860997021595]
  cam_t_m2c: [-400.        , 176.99197685,1709.10934828]
  obj_bb: [170, 203, 126, 152]
  obj_id: 1
1:
- cam_R_m2c: [0.75746296521979, 0.652069278201675, 0.03248865565069875, 0.3532107814507814, -0.3674331200044028, -0.8603691336808628, -0.5490828718757959, 0.6631730986321569, -0.5086348799121546]
  cam_t_m2c: [ 270.        , 127.46573823,1740.        ]
  obj_bb: [307, 194, 128, 151]
  obj_id: 1
2:
- cam_R_m2c: [-0.01744974835125048, -0.9982220253564626, 0.05699380997722189, -0.499695413509548, -0.04066641390346169, -0.8652460554650072, 0.8660254037844386, -0.04357787137382898, -0.4980973490458729]
  cam_t_m2c: [ 400., 250.,1560.]
  obj_bb: [336, 223, 159, 138]
  obj_id: 1
3:
- cam_R_m2c: [-0.7540334324835053, -0.6568107014569231, 0.0057693282804598955, -0.32006820266933333, 0.35974700672828935, -0.8764350727749654, 0.573576436351046, -0.662707924806774, -0.48148549101830007]
  cam_t_m2c: [-179.16504331, 126.02459195,1737.55389473]
  obj_bb: [213, 195, 136, 150]
  obj_id: 1
4:
- cam_R_m2c: [-0.5398509471944901, 0.8417121328616806, 0.00903549703406542, 0.43716267734329894, 0.2895247260849654, -0.851507032574285, -0.7193398003386512, -0.45573689600345785, -0.5242653271673446]
  cam_t_m2c: [ 430., 190.,1610.]
  obj_bb: [335, 203, 152, 161]
  obj_id: 1
5:
- cam_R_m2c: [0.6366007030384118, 0.7700997573271382, 0.04105981801813957, 0.44575261109709674, -0.323988334759514, -0.8344675959196243, -0.6293203910498374, 0.5495251793179634, -0.5495251793179634]
  cam_t_m2c: [-382.82852624,  81.35926454,1869.79886085]
  obj_bb: [184, 189, 130, 137]
  obj_id: 1
6:
- cam_R_m2c: [-0.8891394111741461, -0.4547478676521164, 0.051336968772474734, -0.23824418718279666, 0.3641834024349699, -0.9003389121128206, 0.39073112848927377, -0.8127575445707915, -0.4321508521023147]
  cam_t_m2c: [-220., 200.,1630.]
  obj_bb: [200, 207, 138, 161]
  obj_id: 1
7:
- cam_R_m2c: [0.9800724019159215, 0.198582141620899, -0.004818716843080606, 0.0857452246022662, -0.4448156957597279, -0.8915081341545327, -0.1791810354380828, 0.8733293364104097, -0.45297905768842134]
  cam_t_m2c: [ 394.39650441,  37.72540833,1886.82046314]
  obj_bb: [346, 187, 87, 128]
  obj_id: 1
8:
- cam_R_m2c: [0.6127056519099171, 0.7901830148647018, 0.014233310822641676, 0.397895702745331, -0.2928664325979598, -0.8694298490356447, -0.6828402403596633, 0.5383679556554932, -0.49385134450447954]
  cam_t_m2c: [ 225.79759408,  69.46877754,1875.62900491]
  obj_bb: [298, 190, 125, 134]
  obj_id: 1
9:
- cam_R_m2c: [-0.2151644847409393, -0.9765737344151583, -0.002825908101501684, -0.48326734516630215, 0.10898995627258357, -0.8686621106780326, 0.8486205969702127, -0.185539566352119, -0.4953969637732829]
  cam_t_m2c: [  60.        , 110.        ,1826.11468397]
  obj_bb: [273, 199, 122, 124]
  obj_id: 1
10:
- cam_R_m2c: [-0.8480039296039442, -0.5299451587123771, 0.006889421861247136, -0.2919911691407833, 0.4563090269229322, -0.8405493614847646, 0.44230135939206355, -0.714800811909136, -0.5416911544173234]
  cam_t_m2c: [-448.65775071,  27.82106036,1893.89776274]
  obj_bb: [170, 180, 129, 138]
  obj_id: 1
11:
- cam_R_m2c: [0.05321577645684282, 0.998404354214884, 0.018889854971799666, 0.5063142919248405, -0.010672537359692993, -0.8622829783423498, -0.860705477459475, 0.055451261762616805, -0.5060743410213474]
  cam_t_m2c: [ 102.04497356, 178.98871215,1625.06683783]
  obj_bb: [279, 212, 136, 130]
  obj_id: 1
12:
- cam_R_m2c: [0.5865195023430131, -0.8039206820501259, -0.09852111623080911, -0.4749541281548535, -0.2428561709364424, -0.8458365423571818, 0.6560590289905073, 0.542892638751116, -0.5242653271673446]
  cam_t_m2c: [ 340.,  70.,1810.]
  obj_bb: [314, 189, 133, 137]
  obj_id: 1
13:
- cam_R_m2c: [-0.8990764563552507, 0.43779153946335586, -0.00030594442281139944, 0.20756815516231822, 0.4256596176965483, -0.8807549891002265, -0.3854568543821691, -0.7919295788368643, -0.47357212288422346]
  cam_t_m2c: [ 168.04224525, 155.93144501,1704.7505445 ]
  obj_bb: [295, 200, 129, 153]
  obj_id: 1
14:
- cam_R_m2c: [0.9956094513339365, -0.0935478719368394, -0.003258231211313474, -0.052177680377618704, -0.5257438605898324, -0.8490411549050552, 0.0777129981724341, 0.8454834053416942, -0.5283166675459554]
  cam_t_m2c: [-112.89663738,  75.25002085,1919.17311671]
  obj_bb: [260, 192, 81, 128]
  obj_id: 1
15:
- cam_R_m2c: [-0.6368183795462807, -0.7710085785972315, 0.0028501230720796022, -0.4135546911650892, 0.33845304969525597, -0.8452349085120233, 0.6507187325468639, -0.5394398065414319, -0.5343873372668421]
  cam_t_m2c: [ 408.96365522,  78.65950428,1901.57928463]
  obj_bb: [330, 190, 124, 135]
  obj_id: 1
16:
- cam_R_m2c: [-0.393080259687988, 0.9174696273605212, 0.061134215579906614, 0.45218711224729174, 0.2507694366520285, -0.8559448026354733, -0.8006339519162794, -0.3088109008959541, -0.5134404566517426]
  cam_t_m2c: [-371.16028251, 170.96756261,1662.55927764]
  obj_bb: [168, 201, 148, 151]
  obj_id: 1
17:
- cam_R_m2c: [-0.7982465223454459, -0.6022664667502977, -0.008808665705654528, -0.306418131020511, 0.41863154876346276, -0.8549009038255845, 0.5185657321355687, -0.6797225385464403, -0.518716543062475]
  cam_t_m2c: [ 331.01100593, 205.45366759,1573.94783245]
  obj_bb: [320, 203, 137, 172]
  obj_id: 1
18:
- cam_R_m2c: [-0.9671072580770909, -0.2539282606212255, -0.014966289870578992, -0.11874584002900769, 0.502720395433662, -0.8562544186693741, 0.224951054343865, -0.8263126783929323, -0.516337467821852]
  cam_t_m2c: [-320.        , 200.        ,1704.35241664]
  obj_bb: [184, 207, 127, 152]
  obj_id: 1
