[{"image_id": "000000000505.png", "cam_R": [0.9406752291304329, 0.3258326502956354, -0.09467416385545607, 0.270510546808252, -0.8885950780502103, -0.37043600166620033, -0.20482714020829385, 0.3228496109123609, -0.9240205470485108], "cam_t": [11.76421530495168, 127.83885882665334, 866.1953181788415], "keypoints": [356.6665954589844, 346.5239562988281, 0.5348382592201233, 325.99072265625, 328.80010986328125, 0.3476462662220001, 316.4471130371094, 330.8451843261719, 0.3724716305732727, 342.3511962890625, 358.1126403808594, 0.540917694568634, 327.3540954589844, 313.8030090332031, 0.2674335837364197, 324.6273498535156, 314.4847106933594, 0.1362803876399994, 336.897705078125, 330.1634826660156, 0.43371087312698364, 326.6723937988281, 306.98614501953125, 0.3798801004886627, 347.12298583984375, 326.0733642578125, 0.3609640896320343, 314.40203857421875, 328.1184387207031, 0.20375262200832367, 327.3540954589844, 324.7099914550781, 0.296578586101532, 319.85552978515625, 311.7579650878906, 0.24372492730617523, 343.0328674316406, 342.433837890625, 0.5952706933021545, 324.6273498535156, 319.2565002441406, 0.20303519070148468, 312.35699462890625, 323.34661865234375, 0.5256595611572266, 342.3511962890625, 336.9803466796875, 0.4091404974460602, 345.07794189453125, 327.4367370605469, 0.3950737416744232, 326.6723937988281, 349.9324035644531, 0.5842064023017883, 313.7203674316406, 342.433837890625, 0.5570520162582397, 320.5372314453125, 346.5239562988281, 0.6375207304954529, 343.0328674316406, 323.34661865234375, 0.3424954414367676, 338.2610778808594, 357.4309387207031, 0.6520153880119324, 334.8526306152344, 309.0312194824219, 0.35689711570739746, 333.4892578125, 355.3858947753906, 0.3025413155555725, 322.582275390625, 345.16058349609375, 0.49100348353385925, 341.66949462890625, 318.5748291015625, 0.2842615842819214, 325.99072265625, 315.1663818359375, 0.13710175454616547, 320.5372314453125, 313.121337890625, 0.1890731304883957, 341.66949462890625, 351.2957763671875, 0.49160897731781006, 310.3119201660156, 331.52685546875, 0.15331627428531647, 309.6302490234375, 330.1634826660156, 0.08808726817369461, 345.07794189453125, 317.2114562988281, 0.49146321415901184, 330.0808410644531, 312.43963623046875, 0.35589420795440674, 337.5793762207031, 309.712890625, 0.27272698283195496, 317.1287841796875, 334.25360107421875, 0.4705776870250702, 342.3511962890625, 330.1634826660156, 0.15915393829345703, 315.7654113769531, 316.5297546386719, 0.21818038821220398, 350.53143310546875, 324.7099914550781, 0.43579787015914917, 321.9006042480469, 310.39459228515625, 0.06732165813446045, 340.9878234863281, 308.3495178222656, 0.4420369565486908, 322.582275390625, 328.1184387207031, 0.3580075800418854, 336.897705078125, 307.6678466796875, 0.4637591242790222, 331.4442138671875, 311.7579650878906, 0.5483866333961487, 336.21600341796875, 336.9803466796875, 0.4006919264793396, 315.7654113769531, 315.1663818359375, 0.37947726249694824, 342.3511962890625, 323.34661865234375, 0.28386545181274414, 325.99072265625, 339.0254211425781, 0.15356943011283875, 343.7145690917969, 329.4818115234375, 0.26020532846450806, 323.9456481933594, 317.2114562988281, 0.273640900850296, 338.9427490234375, 358.7943115234375, 0.03114609606564045], "score": 2.164466619491577}, {"image_id": "000000001204.png", "cam_R": [0.7050760459269243, -0.7017014324839947, 0.1023858833529474, -0.44575280922197047, -0.3262683065949744, 0.8335786856574305, -0.5515180890331479, -0.633375158781553, -0.5428293522900796], "cam_t": [-37.37590262618244, 111.07387303038526, -747.9306675489864], "keypoints": [327.149658203125, 193.9358673095703, 0.6559321880340576, 368.90850830078125, 180.01625061035156, 0.11721932142972946, 364.93145751953125, 165.10238647460938, 0.010267434641718864, 317.2070617675781, 164.10812377929688, 0.5207269191741943, 374.8740539550781, 171.06793212890625, 0.22986119985580444, 374.8740539550781, 164.10812377929688, 0.15517090260982513, 355.983154296875, 165.10238647460938, 0.07335028797388077, 378.85107421875, 157.1483154296875, 0.4126414358615875, 348.0290832519531, 170.0736846923828, 0.12261268496513367, 355.983154296875, 129.30909729003906, 0.16510100662708282, 350.017578125, 122.34928894042969, 0.2962460517883301, 362.94293212890625, 128.31483459472656, 0.5737342238426208, 348.0290832519531, 182.00477600097656, 0.17333684861660004, 375.8682861328125, 166.09664916992188, 0.25792911648750305, 368.90850830078125, 146.21148681640625, 0.06625675410032272, 344.0520324707031, 176.0392303466797, 0.6951340436935425, 366.91998291015625, 163.11387634277344, 0.01812778227031231, 340.07501220703125, 186.97605895996094, 0.22813424468040466, 364.93145751953125, 151.18276977539062, 0.21152552962303162, 351.0118408203125, 155.15980529785156, 0.24938081204891205, 356.9774169921875, 176.0392303466797, 0.030433623120188713, 320.1898498535156, 155.15980529785156, 0.43196120858192444, 378.85107421875, 173.0564422607422, 0.48483219742774963, 324.1668701171875, 152.17703247070312, 0.42609143257141113, 342.06353759765625, 177.03347778320312, 0.2986120581626892, 359.9601745605469, 171.06793212890625, 0.059310317039489746, 372.8855285644531, 163.11387634277344, 0.21723783016204834, 376.862548828125, 150.1885223388672, 0.12829259037971497, 318.2013244628906, 153.17127990722656, 0.5642577409744263, 362.94293212890625, 138.25741577148438, 0.20868703722953796, 364.93145751953125, 138.25741577148438, 0.04774785414338112, 353.99462890625, 171.06793212890625, 0.1598789393901825, 375.8682861328125, 172.06219482421875, 0.35713621973991394, 365.92572021484375, 162.11961364746094, 0.46087169647216797, 353.99462890625, 133.28611755371094, 0.32259252667427063, 342.06353759765625, 158.142578125, 0.388283908367157, 369.90277099609375, 142.2344512939453, 0.12863430380821228, 338.08648681640625, 157.1483154296875, 0.2737449109554291, 371.8912658691406, 149.1942596435547, 0.351953387260437, 357.9716491699219, 160.13108825683594, 0.16956743597984314, 347.0348205566406, 129.30909729003906, 0.27999892830848694, 364.93145751953125, 147.2057342529297, 0.12195286899805069, 357.9716491699219, 123.34354400634766, 0.22237391769886017, 349.0233459472656, 160.13108825683594, 0.11320147663354874, 374.8740539550781, 150.1885223388672, 0.04265840724110603, 348.0290832519531, 162.11961364746094, 0.014673236757516861, 369.90277099609375, 179.02200317382812, 0.011419537477195263, 353.0003662109375, 189.95883178710938, 0.04460093751549721, 353.99462890625, 123.34354400634766, 0.25681009888648987, 318.2013244628906, 155.15980529785156, 0.03419627994298935], "score": 2.105372428894043}, {"image_id": "000000001185.png", "cam_R": [0.8864208723958444, -0.4628085680746774, 0.008140411393601166, -0.045011992132735795, -0.06868207117258796, 0.9966226435635938, -0.46068639826375696, -0.8837935292906994, -0.08171315707189897], "cam_t": [63.431921920737814, 38.48784019596202, -878.5153374272621], "keypoints": [254.4794921875, 250.64195251464844, 0.6655709147453308, 299.29888916015625, 249.7455596923828, 0.40287503600120544, 303.7808532714844, 240.7816925048828, 0.3852075934410095, 257.1686706542969, 226.43946838378906, 0.04392596334218979, 305.5736083984375, 234.50697326660156, 0.20134861767292023, 305.5736083984375, 230.02503967285156, 0.19088226556777954, 272.4072570800781, 220.1647491455078, 0.03439907357096672, 305.5736083984375, 221.06114196777344, 0.04254746437072754, 271.5108642578125, 212.99366760253906, 0.20590423047542572, 289.43865966796875, 202.23699951171875, 0.04310910403728485, 281.37115478515625, 184.30923461914062, 0.31777361035346985, 293.0242004394531, 184.30923461914062, 0.24613136053085327, 270.614501953125, 249.7455596923828, 0.41609102487564087, 310.0555725097656, 238.09251403808594, 0.27646297216415405, 304.67724609375, 225.5430908203125, 0.09177208691835403, 269.7181091308594, 232.7141876220703, 0.48781484365463257, 273.30364990234375, 231.8177947998047, 0.3063988983631134, 265.2361755371094, 238.98890686035156, 0.20282290875911713, 270.614501953125, 236.29974365234375, 0.02286880649626255, 267.9253234863281, 236.29974365234375, 0.1291825771331787, 279.578369140625, 230.02503967285156, 0.7291831970214844, 257.1686706542969, 221.06114196777344, 0.05179586634039879, 256.27227783203125, 230.92141723632812, 0.2508065402507782, 257.1686706542969, 223.7503204345703, 0.06845534592866898, 267.9253234863281, 230.92141723632812, 0.18598909676074982, 284.060302734375, 223.7503204345703, 0.4490356743335724, 305.5736083984375, 224.64671325683594, 0.15351009368896484, 308.2627868652344, 220.1647491455078, 0.04643741622567177, 332.46527099609375, 253.3311309814453, 0.2996390461921692, 292.1278076171875, 207.61532592773438, 0.03607087582349777, 292.1278076171875, 206.7189483642578, 0.051601342856884, 282.2675476074219, 218.3719940185547, 0.29854699969291687, 299.29888916015625, 220.1647491455078, 0.7067051529884338, 295.7133483886719, 210.3044891357422, 0.17965026199817657, 289.43865966796875, 202.23699951171875, 0.04258762672543526, 269.7181091308594, 209.40809631347656, 0.3531414568424225, 301.9880676269531, 205.8225555419922, 0.3027152717113495, 267.9253234863281, 207.61532592773438, 0.35623881220817566, 300.1953125, 208.51171875, 0.461653470993042, 284.9566955566406, 206.7189483642578, 0.4402962923049927, 280.4747619628906, 190.58395385742188, 0.12891802191734314, 293.92059326171875, 200.44422912597656, 0.3617960214614868, 286.7494812011719, 178.930908203125, 0.24481233954429626, 272.4072570800781, 221.95753479003906, 0.13988444209098816, 304.67724609375, 220.1647491455078, 0.10778340697288513, 297.5061340332031, 219.26837158203125, 0.02695564180612564, 291.2314147949219, 238.09251403808594, 0.04364681616425514, 279.578369140625, 248.8491668701172, 0.6348084807395935, 284.9566955566406, 181.6200714111328, 0.25157028436660767, 282.2675476074219, 207.61532592773438, 0.030608445405960083], "score": 2.1272788047790527}, {"image_id": "000000000761.png", "cam_R": [-0.4099417719431018, -0.8589890260342667, 0.3067337555093209, -0.7830912611815664, 0.1590290393274273, -0.6012302731164321, 0.4676706322586589, -0.4866699269559376, -0.7378594459105939], "cam_t": [-145.37529490231242, 88.2358449907025, 1015.6979533149605], "keypoints": [248.3133087158203, 291.569091796875, 0.08674809336662292, 236.4312744140625, 318.4599914550781, 0.9016169309616089, 243.9357147216797, 320.96148681640625, 0.9623046517372131, 252.69090270996094, 282.81390380859375, 0.20740577578544617, 231.4282989501953, 307.2033386230469, 0.4134141504764557, 234.55516052246094, 308.4540710449219, 0.32660606503486633, 246.43719482421875, 293.4451904296875, 0.012732359580695629, 232.05368041992188, 297.1974182128906, 0.06369180232286453, 218.2955322265625, 272.8079833984375, 0.041179362684488297, 257.0685119628906, 294.070556640625, 0.352880597114563, 258.9446105957031, 280.9377746582031, 0.4463065266609192, 250.18942260742188, 285.31536865234375, 0.07416711747646332, 244.5610809326172, 295.3212890625, 0.048993851989507675, 232.67904663085938, 316.5838928222656, 0.519743025302887, 250.81478881835938, 318.4599914550781, 0.4643334150314331, 240.80885314941406, 293.4451904296875, 0.1640714854001999, 236.4312744140625, 295.3212890625, 0.07316983491182327, 260.82073974609375, 296.5720520019531, 0.40792396664619446, 260.19537353515625, 308.4540710449219, 0.5265783071517944, 259.5699768066406, 302.82574462890625, 0.4735995829105377, 235.80589294433594, 292.1944580078125, 0.1326640248298645, 258.3192443847656, 284.06463623046875, 0.21402345597743988, 226.4253387451172, 305.9526062011719, 0.612692654132843, 258.3192443847656, 285.31536865234375, 0.2187434583902359, 259.5699768066406, 296.5720520019531, 0.3107144236564636, 235.18052673339844, 292.81982421875, 0.16498209536075592, 234.55516052246094, 304.07647705078125, 0.2977786362171173, 238.93275451660156, 307.2033386230469, 0.3174591362476349, 248.9386749267578, 274.68408203125, 0.2655506432056427, 258.9446105957031, 302.82574462890625, 0.5802523493766785, 255.1923828125, 304.07647705078125, 0.48486462235450745, 235.80589294433594, 286.56610107421875, 0.24930599331855774, 226.4253387451172, 294.070556640625, 0.6760602593421936, 235.18052673339844, 291.569091796875, 0.21575666964054108, 260.82073974609375, 292.1944580078125, 0.19846022129058838, 222.67312622070312, 275.3094482421875, 0.052515022456645966, 245.81182861328125, 298.4481506347656, 0.12305212020874023, 239.55812072753906, 274.68408203125, 0.08963129669427872, 240.18348693847656, 295.3212890625, 0.43863147497177124, 233.30441284179688, 281.5631408691406, 0.39268258213996887, 260.19537353515625, 286.56610107421875, 0.2416175752878189, 237.056640625, 281.5631408691406, 0.6079562902450562, 250.18942260742188, 274.68408203125, 0.3131154775619507, 246.43719482421875, 294.070556640625, 0.008574161678552628, 250.81478881835938, 314.0823974609375, 0.4117504358291626, 228.9268341064453, 292.81982421875, 0.022029373794794083, 245.81182861328125, 304.70184326171875, 0.015609932132065296, 232.67904663085938, 302.20037841796875, 0.1036771684885025, 255.1923828125, 279.6870422363281, 0.5004725456237793, 257.0685119628906, 303.45111083984375, 0.04127641022205353], "score": 2.4905362129211426}, {"image_id": "000000000656.png", "cam_R": [0.9086643074626233, -0.4075713380428913, -0.09063542767261995, -0.3151850332135498, -0.5272088814809427, -0.7891192496231396, 0.2738385859984765, 0.745611426745554, -0.6075162788969646], "cam_t": [-90.12562862955947, 3.1416605770968324, 775.8878307055037], "keypoints": [290.19793701171875, 255.8358612060547, 0.07555633038282394, 248.7345733642578, 274.362060546875, 0.4326835870742798, 240.79478454589844, 281.4196472167969, 0.6528632640838623, 291.08013916015625, 269.0688781738281, 0.34824880957603455, 244.32359313964844, 245.24948120117188, 0.4313325583934784, 240.79478454589844, 249.6604766845703, 0.36764758825302124, 268.1429748535156, 247.01388549804688, 0.34412166476249695, 243.44139099121094, 236.42750549316406, 0.16719259321689606, 271.6717529296875, 233.78089904785156, 0.20299461483955383, 247.8523712158203, 242.60289001464844, 0.16352878510951996, 254.02777099609375, 222.31231689453125, 0.355660617351532, 241.67698669433594, 221.43011474609375, 0.8674886226654053, 276.9649658203125, 272.59765625, 0.4214020371437073, 239.03038024902344, 262.01129150390625, 0.5493703484535217, 236.38380432128906, 274.362060546875, 0.7358143329620361, 276.9649658203125, 262.01129150390625, 0.2982672452926636, 269.025146484375, 253.1892852783203, 0.5100806355476379, 267.2607727050781, 271.7154541015625, 0.49540120363235474, 251.3811798095703, 272.59765625, 0.7739714980125427, 260.20318603515625, 271.7154541015625, 0.7508310675621033, 265.4963684082031, 250.5426788330078, 0.3289710581302643, 286.66912841796875, 265.5400695800781, 0.6318114399909973, 247.8523712158203, 238.19189453125, 0.25081613659858704, 279.611572265625, 263.77569580078125, 0.5508816242218018, 261.9675598144531, 263.77569580078125, 0.5828033685684204, 260.20318603515625, 243.48509216308594, 0.2890661656856537, 243.44139099121094, 241.72068786621094, 0.18669044971466064, 236.38380432128906, 245.24948120117188, 0.49410295486450195, 284.0225524902344, 251.4248809814453, 0.547746479511261, 243.44139099121094, 256.71807861328125, 0.23707719147205353, 240.79478454589844, 250.5426788330078, 0.20808733999729156, 262.8497619628906, 238.19189453125, 0.3360845148563385, 253.14556884765625, 232.89869689941406, 0.11181823909282684, 252.26336669921875, 228.4877166748047, 0.24484311044216156, 253.14556884765625, 246.13168334960938, 0.1821548193693161, 271.6717529296875, 234.66310119628906, 0.24026715755462646, 234.61940002441406, 239.956298828125, 0.5307187438011169, 274.318359375, 225.8411102294922, 0.3440795838832855, 240.79478454589844, 230.25210571289062, 0.31101295351982117, 255.7921600341797, 222.31231689453125, 0.39470353722572327, 253.14556884765625, 234.66310119628906, 0.24877753853797913, 252.26336669921875, 219.6657257080078, 0.3524290919303894, 253.14556884765625, 209.07933044433594, 0.5796862840652466, 269.025146484375, 252.3070831298828, 0.3780772089958191, 232.85499572753906, 264.6578674316406, 0.6781423091888428, 264.6141662597656, 239.956298828125, 0.4502255320549011, 261.9675598144531, 280.5374755859375, 0.163457989692688, 265.4963684082031, 265.5400695800781, 0.4466759264469147, 249.6167755126953, 217.0191192626953, 0.3787305951118469, 251.3811798095703, 277.0086669921875, 0.032942838966846466], "score": 2.4769904613494873}, {"image_id": "000000001048.png", "cam_R": [-0.9882773853697492, 0.1477176526925375, -0.03856558893287051, 0.06908326418637717, 0.20742830614722152, -0.9758078706478287, -0.13614445334308514, -0.9670330877958112, -0.2152015216768023], "cam_t": [-242.42567164880973, 121.35574956271805, 1206.6508624662285], "keypoints": [191.9196319580078, 322.79876708984375, 0.7518633008003235, 220.9178466796875, 324.440185546875, 0.5030801892280579, 229.12489318847656, 317.3274230957031, 0.7134257555007935, 208.88084411621094, 301.4604797363281, 0.24327591061592102, 218.7292938232422, 312.4031982421875, 0.8561381101608276, 220.9178466796875, 309.1203918457031, 0.5861679315567017, 207.7865753173828, 298.1776428222656, 0.2676396071910858, 217.63502502441406, 298.72479248046875, 0.5430662035942078, 198.48526000976562, 297.6305236816406, 0.2221125364303589, 217.63502502441406, 289.9706115722656, 0.26412081718444824, 215.99362182617188, 279.5750427246094, 0.4874506890773773, 213.80506896972656, 280.1221618652344, 0.36921215057373047, 203.40948486328125, 323.3459167480469, 0.4462662935256958, 225.84207153320312, 316.233154296875, 0.5855066180229187, 229.12489318847656, 308.5732421875, 0.46055492758750916, 202.31521606445312, 312.4031982421875, 0.2912259101867676, 203.40948486328125, 313.4974670410156, 0.2588319480419159, 216.54075622558594, 305.8375549316406, 0.015426247380673885, 215.99362182617188, 303.6490173339844, 0.04414554685354233, 211.06939697265625, 304.7432861328125, 0.02231842279434204, 204.50376892089844, 311.3089294433594, 0.42911750078201294, 203.40948486328125, 302.55474853515625, 0.22715695202350616, 214.3522186279297, 312.4031982421875, 0.9828219413757324, 206.6923065185547, 301.4604797363281, 0.138615682721138, 218.18215942382812, 303.6490173339844, 0.013165265321731567, 205.59803771972656, 307.4789733886719, 0.6074065566062927, 218.7292938232422, 306.38470458984375, 0.8233348727226257, 224.20066833496094, 302.0075988769531, 0.5009605288505554, 202.31521606445312, 297.0833740234375, 0.18096159398555756, 220.9178466796875, 294.89483642578125, 0.2092432826757431, 223.10638427734375, 295.9891052246094, 0.2803141176700592, 201.220947265625, 303.10186767578125, 0.4638252854347229, 209.97511291503906, 304.1961669921875, 0.8685159087181091, 209.42799377441406, 297.6305236816406, 0.6344114542007446, 215.4464874267578, 291.06488037109375, 0.1994539350271225, 201.76808166503906, 293.8005676269531, 0.2078164666891098, 223.6535186767578, 292.1591491699219, 0.45353373885154724, 195.7495880126953, 293.8005676269531, 0.21822676062583923, 218.7292938232422, 291.06488037109375, 0.5528637766838074, 203.40948486328125, 294.34771728515625, 0.5806830525398254, 215.99362182617188, 285.5935363769531, 0.3296918272972107, 206.14517211914062, 288.3291931152344, 0.5043721795082092, 207.7865753173828, 275.19793701171875, 0.973222553730011, 206.6923065185547, 303.6490173339844, 0.3133646845817566, 228.57774353027344, 302.0075988769531, 0.6739948391914368, 204.50376892089844, 300.3662109375, 0.34148648381233215, 215.4464874267578, 313.4974670410156, 0.17033813893795013, 207.7865753173828, 324.9873352050781, 0.3528039753437042, 212.71080017089844, 276.2922058105469, 0.5493982434272766, 217.63502502441406, 306.93182373046875, 0.0381326824426651], "score": 2.642563819885254}, {"image_id": "000000000854.png", "cam_R": [0.9423138840169647, 0.2721611630068628, 0.19486622421449673, -0.16114475412575757, -0.14140946162463322, 0.976747527450559, 0.29338867089001885, -0.9518044260843628, -0.0893947553249349], "cam_t": [113.14790759362934, 7.62792366773581, -1037.7056748359605], "keypoints": [223.62518310546875, 251.1648712158203, 0.034340523183345795, 273.2873229980469, 267.41796875, 0.21320569515228271, 283.2197265625, 268.3208923339844, 0.6462124586105347, 251.61656188964844, 215.94993591308594, 0.0511232353746891, 268.7725830078125, 255.6796112060547, 0.14658333361148834, 268.7725830078125, 255.6796112060547, 0.07400289177894592, 265.1607971191406, 240.3295135498047, 0.04411504790186882, 283.2197265625, 238.5236053466797, 0.024073809385299683, 256.1313171386719, 235.8147735595703, 0.0638207420706749, 255.2283477783203, 234.9118194580078, 0.03274792805314064, 273.2873229980469, 214.14402770996094, 0.0851617306470871, 261.54901123046875, 220.46466064453125, 0.10971984267234802, 268.7725830078125, 257.48553466796875, 0.146419495344162, 275.09320068359375, 266.5150146484375, 0.2518022060394287, 291.34625244140625, 257.48553466796875, 0.44614776968955994, 261.54901123046875, 244.84425354003906, 0.24200278520584106, 257.0342712402344, 246.650146484375, 0.06544183194637299, 253.42245483398438, 234.9118194580078, 0.091030552983284, 293.15216064453125, 243.03834533691406, 0.03845636546611786, 282.3167724609375, 260.1943664550781, 0.06316468864679337, 258.84014892578125, 246.650146484375, 0.11936291307210922, 265.1607971191406, 259.29144287109375, 0.0793769583106041, 271.4814147949219, 249.35899353027344, 0.17254988849163055, 271.4814147949219, 254.77667236328125, 0.20418623089790344, 283.2197265625, 254.77667236328125, 0.14820772409439087, 258.84014892578125, 243.94129943847656, 0.1260787844657898, 276.89910888671875, 246.650146484375, 0.04684952273964882, 255.2283477783203, 236.7177276611328, 0.03124135360121727, 258.84014892578125, 242.13540649414062, 0.18201948702335358, 269.675537109375, 235.8147735595703, 0.03739139065146446, 271.4814147949219, 235.8147735595703, 0.07021056115627289, 258.84014892578125, 233.10592651367188, 0.06900911033153534, 285.9285888671875, 241.2324676513672, 0.15271198749542236, 271.4814147949219, 230.39707946777344, 0.09978646039962769, 287.7344665527344, 234.9118194580078, 0.22351065278053284, 259.74310302734375, 229.494140625, 0.2152959108352661, 257.0342712402344, 224.97940063476562, 0.1192297637462616, 246.19886779785156, 246.650146484375, 0.1437581330537796, 278.7049865722656, 230.39707946777344, 0.10648233443498611, 266.9666748046875, 224.97940063476562, 0.19151757657527924, 280.5108947753906, 227.68824768066406, 0.3133741021156311, 272.3843688964844, 218.6587677001953, 0.1548420786857605, 219.11044311523438, 205.11456298828125, 0.5021835565567017, 268.7725830078125, 239.4265594482422, 0.21017590165138245, 290.44329833984375, 246.650146484375, 0.11883047968149185, 275.09320068359375, 236.7177276611328, 0.026956381276249886, 274.19024658203125, 265.612060546875, 0.05935736000537872, 257.93719482421875, 255.6796112060547, 0.09674780070781708, 217.30455017089844, 211.43519592285156, 0.05416310951113701, 220.01339721679688, 203.3086700439453, 0.02119559794664383], "score": 1.9321790933609009}, {"image_id": "000000001109.png", "cam_R": [0.9393515261209409, 0.30894966299070775, 0.14889196120740486, -0.07338120605007896, -0.24302813179971383, 0.9672396423599359, 0.335013296710586, -0.9195039058600398, -0.2056177476173588], "cam_t": [105.94235736123522, 74.28933715178833, -1100.6914424682627], "keypoints": [248.58050537109375, 227.55223083496094, 0.5134608149528503, 283.60382080078125, 229.94017028808594, 0.41264790296554565, 289.9716796875, 222.7763214111328, 0.5545893311500549, 272.4600524902344, 206.0606689453125, 0.03713789954781532, 281.21588134765625, 218.79640197753906, 0.5680566430091858, 284.3997802734375, 215.6124725341797, 0.3934270441532135, 264.5002136230469, 206.8566436767578, 0.06679816544055939, 283.60382080078125, 205.2646942138672, 0.14058835804462433, 256.5403747558594, 200.48878479003906, 0.06041782721877098, 286.7877502441406, 197.3048553466797, 0.1487434357404709, 265.29620361328125, 174.2213134765625, 0.3959234654903412, 274.052001953125, 178.99720764160156, 0.46728989481925964, 259.72430419921875, 220.3883819580078, 0.22405171394348145, 289.1756896972656, 221.98033142089844, 0.6670751571655273, 289.9716796875, 207.6526336669922, 0.26879698038101196, 258.9283142089844, 210.04058837890625, 0.11293856799602509, 262.9082336425781, 217.20443725585938, 0.22179852426052094, 277.2359619140625, 188.5490264892578, 0.007036875002086163, 265.29620361328125, 221.18435668945312, 0.017231669276952744, 262.11224365234375, 192.52894592285156, 0.005501210689544678, 264.5002136230469, 215.6124725341797, 0.38945451378822327, 285.1957702636719, 198.100830078125, 0.01726062223315239, 277.2359619140625, 219.59239196777344, 0.6696414947509766, 279.6239013671875, 222.7763214111328, 0.042075980454683304, 306.6873474121094, 236.3080596923828, 0.015643665567040443, 264.5002136230469, 212.4285430908203, 0.1297822892665863, 282.0118408203125, 210.83656311035156, 0.2496115118265152, 285.99176025390625, 206.0606689453125, 0.17227263748645782, 264.5002136230469, 208.44862365722656, 0.03932037949562073, 285.1957702636719, 198.8968048095703, 0.050121575593948364, 282.8078308105469, 201.28477478027344, 0.06306532770395279, 256.5403747558594, 208.44862365722656, 0.09893250465393066, 270.8680725097656, 210.83656311035156, 0.39458373188972473, 270.8680725097656, 203.67271423339844, 0.14821740984916687, 289.1756896972656, 198.8968048095703, 0.16604648530483246, 257.33636474609375, 195.71287536621094, 0.18789510428905487, 280.4198913574219, 194.91688537597656, 0.30953094363212585, 249.37649536132812, 194.12091064453125, 0.17725378274917603, 280.4198913574219, 195.71287536621094, 0.4434297978878021, 258.9283142089844, 202.08074951171875, 0.6751759052276611, 279.6239013671875, 188.5490264892578, 0.17871469259262085, 262.11224365234375, 191.7329559326172, 0.49983081221580505, 262.9082336425781, 173.42532348632812, 0.6259708404541016, 266.8881530761719, 206.0606689453125, 0.06774025410413742, 289.9716796875, 202.08074951171875, 0.18811824917793274, 263.7042236328125, 212.4285430908203, 0.052766744047403336, 258.9283142089844, 211.63255310058594, 0.03288702294230461, 264.5002136230469, 228.3482208251953, 0.6342786550521851, 270.8680725097656, 174.2213134765625, 0.3456750214099884, 260.5202941894531, 202.87672424316406, 0.03876981511712074], "score": 2.089552879333496}, {"image_id": "000000000518.png", "cam_R": [0.6988865022958275, -0.7131266169760467, 0.05484601233456518, -0.5262575375072979, -0.5646469186881675, -0.6357883778685428, 0.4843662468891279, 0.4154807882156005, -0.7699123674148142], "cam_t": [11.825126585652217, 58.05494986560308, 916.8890427016703], "keypoints": [349.2466735839844, 290.4930419921875, 0.37108951807022095, 317.6845703125, 299.10089111328125, 0.4594685137271881, 319.11920166015625, 306.27410888671875, 0.7186379432678223, 358.57183837890625, 293.3623352050781, 0.7064046263694763, 314.8152770996094, 279.7332458496094, 0.3287724256515503, 314.09796142578125, 283.3198547363281, 0.33110156655311584, 339.9215087890625, 276.8639831542969, 0.35006195306777954, 312.663330078125, 271.1253967285156, 0.24334341287612915, 340.6388244628906, 264.6695251464844, 0.23343601822853088, 332.748291015625, 284.03717041015625, 0.17980800569057465, 336.33489990234375, 266.1041564941406, 0.32097965478897095, 320.5538635253906, 267.538818359375, 0.27913209795951843, 337.76953125, 293.3623352050781, 0.2871316969394684, 311.9460144042969, 292.64501953125, 0.5827839970588684, 317.6845703125, 305.5567932128906, 0.7153863906860352, 337.76953125, 280.4505615234375, 0.5671388506889343, 333.46563720703125, 281.16790771484375, 0.031206384301185608, 347.0946960449219, 300.5355529785156, 0.6482904553413391, 335.6175842285156, 305.5567932128906, 0.5064169764518738, 339.9215087890625, 301.25286865234375, 0.616492748260498, 329.8790283203125, 278.2986145019531, 0.027314554899930954, 359.2891540527344, 292.64501953125, 0.7025864124298096, 315.5326232910156, 273.99468994140625, 0.23945893347263336, 356.41986083984375, 292.64501953125, 0.5526118278503418, 340.6388244628906, 296.23162841796875, 0.6115951538085938, 328.4443664550781, 273.2773742675781, 0.04540899395942688, 316.9672546386719, 279.7332458496094, 0.21745537221431732, 312.663330078125, 284.7544860839844, 0.5817757248878479, 357.13720703125, 281.8852233886719, 0.6066934466362, 330.5963439941406, 294.07965087890625, 0.2828297019004822, 325.5751037597656, 292.64501953125, 0.36846697330474854, 332.748291015625, 269.6907653808594, 0.06188247725367546, 316.9672546386719, 269.6907653808594, 0.10971962660551071, 321.9884948730469, 271.1253967285156, 0.3260292410850525, 337.76953125, 284.03717041015625, 0.4633238613605499, 344.2254333496094, 265.3868408203125, 0.39667898416519165, 318.4018859863281, 279.7332458496094, 0.24021291732788086, 343.50811767578125, 258.2136535644531, 0.6388625502586365, 314.8152770996094, 272.56005859375, 0.06365416944026947, 322.705810546875, 263.2348937988281, 0.21259991824626923, 337.76953125, 274.7120056152344, 0.2980802655220032, 322.705810546875, 261.80023193359375, 0.3356686234474182, 329.16168212890625, 255.34434509277344, 0.9213001132011414, 340.6388244628906, 282.6025390625, 0.3303871750831604, 316.24993896484375, 298.38360595703125, 0.49103593826293945, 335.6175842285156, 271.84271240234375, 0.12011394649744034, 333.46563720703125, 301.9701843261719, 0.24280738830566406, 329.8790283203125, 287.623779296875, 0.0992637500166893, 330.5963439941406, 264.6695251464844, 0.6176890134811401, 357.13720703125, 294.07965087890625, 0.04436797648668289], "score": 2.5191941261291504}, {"image_id": "000000000803.png", "cam_R": [-0.30394974440610656, -0.9499316852989284, -0.0724178578846405, -0.808731097756225, 0.2974528971953616, -0.5074207184103707, 0.5035559198316247, -0.0956638239629955, -0.8586500267206094], "cam_t": [178.68191052388815, 20.918750123237764, 1365.1262396982886], "keypoints": [398.57666015625, 241.783447265625, 0.09691651910543442, 395.15869140625, 274.595947265625, 0.4807794392108917, 406.77978515625, 273.912353515625, 0.48042964935302734, 409.51416015625, 240.416259765625, 0.3058163523674011, 387.63916015625, 257.506103515625, 0.15828761458396912, 386.95556640625, 256.138916015625, 0.0791870653629303, 407.46337890625, 248.619384765625, 0.010673975571990013, 393.10791015625, 240.416259765625, 0.012253926135599613, 389.00634765625, 258.189697265625, 0.022816035896539688, 412.93212890625, 254.088134765625, 0.08112119138240814, 411.56494140625, 243.834228515625, 0.1330253928899765, 406.77978515625, 248.619384765625, 0.01164827961474657, 400.62744140625, 254.771728515625, 0.21891580522060394, 396.52587890625, 275.963134765625, 0.12132962048053741, 412.93212890625, 275.963134765625, 0.20935317873954773, 396.52587890625, 254.088134765625, 0.18730899691581726, 393.10791015625, 250.670166015625, 0.07641640305519104, 414.98291015625, 247.252197265625, 0.33657997846603394, 418.40087890625, 257.506103515625, 0.40980809926986694, 415.66650390625, 254.771728515625, 0.398296594619751, 391.74072265625, 249.986572265625, 0.11561763286590576, 411.56494140625, 237.681884765625, 0.41502973437309265, 386.95556640625, 267.760009765625, 0.20505358278751373, 413.61572265625, 239.049072265625, 0.2572151720523834, 414.98291015625, 251.353759765625, 0.1894216537475586, 393.10791015625, 252.720947265625, 0.08882328867912292, 395.84228515625, 265.025634765625, 0.04685084521770477, 400.62744140625, 262.291259765625, 0.01914202608168125, 405.41259765625, 234.947509765625, 0.11961482465267181, 409.51416015625, 255.455322265625, 0.1893036663532257, 412.93212890625, 257.506103515625, 0.14700153470039368, 392.42431640625, 245.201416015625, 0.04044037312269211, 382.85400390625, 256.822509765625, 0.19766320288181305, 391.05712890625, 254.771728515625, 0.08025151491165161, 413.61572265625, 247.935791015625, 0.09733138233423233, 408.14697265625, 253.404541015625, 0.027318166568875313, 355.51025390625, 227.427978515625, 0.015205500647425652, 389.68994140625, 254.088134765625, 0.11157894134521484, 396.52587890625, 256.822509765625, 0.08394017070531845, 390.37353515625, 241.783447265625, 0.12612198293209076, 416.35009765625, 245.885009765625, 0.217320054769516, 390.37353515625, 243.150634765625, 0.18726253509521484, 401.99462890625, 238.365478515625, 0.3633425533771515, 406.09619140625, 248.619384765625, 0.03155942261219025, 417.71728515625, 262.291259765625, 0.10173803567886353, 414.98291015625, 255.455322265625, 0.011145466938614845, 404.04541015625, 265.025634765625, 0.1770789921283722, 390.37353515625, 260.924072265625, 0.1191849410533905, 407.46337890625, 244.517822265625, 0.0926254540681839, 404.04541015625, 266.392822265625, 0.027663733810186386], "score": 1.7535293102264404}, {"image_id": "000000001075.png", "cam_R": [0.8495591260914601, 0.5078536918567366, 0.1425970509589808, 0.059645572107408396, -0.3610818945391898, 0.9306246671800449, 0.5241103862763027, -0.7821153962833569, -0.33705164276981725], "cam_t": [251.23548853340677, -22.39392210608604, -1025.8888268698547], "keypoints": [166.41539001464844, 271.2209777832031, 0.43624502420425415, 195.6980438232422, 282.8120422363281, 0.5078036189079285, 201.79861450195312, 277.93157958984375, 0.641541600227356, 184.71705627441406, 257.79974365234375, 0.12271813303232193, 189.59750366210938, 272.44110107421875, 0.4998891055583954, 194.4779510498047, 268.17071533203125, 0.36130186915397644, 183.4969482421875, 256.57965087890625, 0.2806979715824127, 188.98744201660156, 259.0198669433594, 0.44028767943382263, 172.5159454345703, 246.81874084472656, 0.287170946598053, 196.9181671142578, 243.15841674804688, 0.10542608052492142, 188.98744201660156, 231.56736755371094, 0.384565532207489, 195.08799743652344, 232.7874755859375, 0.38119250535964966, 178.00645446777344, 277.93157958984375, 0.30260589718818665, 198.13827514648438, 276.71148681640625, 0.2960893511772156, 207.2891082763672, 268.17071533203125, 0.3727703392505646, 176.7863311767578, 263.90032958984375, 0.28282350301742554, 176.17628479003906, 266.9505920410156, 0.46830809116363525, 193.25782775878906, 274.8813171386719, 0.10783569514751434, 203.0187225341797, 252.91929626464844, 0.21075411140918732, 190.81761169433594, 254.7494659423828, 0.17297634482383728, 177.39639282226562, 266.3405456542969, 0.5726980566978455, 179.83660888671875, 278.5416564941406, 0.11732148379087448, 184.71705627441406, 271.8310241699219, 0.5763615965843201, 189.59750366210938, 249.86903381347656, 0.05003666505217552, 189.59750366210938, 249.86903381347656, 0.0618002712726593, 179.22654724121094, 264.5103759765625, 0.5920861959457397, 191.4276580810547, 265.73046875, 0.32905715703964233, 198.13827514648438, 262.0701599121094, 0.2552902400493622, 181.66677856445312, 247.42880249023438, 0.16479600965976715, 198.7483367919922, 247.42880249023438, 0.23508496582508087, 201.1885528564453, 251.69918823242188, 0.308963805437088, 174.3461151123047, 259.0198669433594, 0.6525229215621948, 180.44667053222656, 263.2902526855469, 0.6977503895759583, 181.66677856445312, 255.35952758789062, 0.35803794860839844, 196.9181671142578, 243.15841674804688, 0.08242251724004745, 179.83660888671875, 246.2086944580078, 0.38496413826942444, 199.96844482421875, 247.42880249023438, 0.5627251267433167, 171.90589904785156, 238.27796936035156, 0.14062143862247467, 192.6477813720703, 249.25897216796875, 0.5560359358787537, 173.73605346679688, 250.4790802001953, 0.7690695524215698, 193.25782775878906, 240.10813903808594, 0.2757498621940613, 178.6165008544922, 243.7684783935547, 0.4439131021499634, 185.3271026611328, 229.12713623046875, 0.6742331385612488, 185.93716430664062, 254.13941955566406, 0.11119664460420609, 206.67904663085938, 262.0701599121094, 0.46766096353530884, 178.6165008544922, 254.13941955566406, 0.34452152252197266, 194.4779510498047, 276.71148681640625, 0.23295380175113678, 182.8868865966797, 281.5919189453125, 0.1513151377439499, 190.2075653076172, 230.95730590820312, 0.5419659614562988, 174.9561767578125, 250.4790802001953, 0.045093849301338196], "score": 2.3030457496643066}, {"image_id": "000000000953.png", "cam_R": [-0.6517636158888326, -0.7556212610334843, -0.06512064862761557, -0.2441107139720991, 0.2903002701029326, -0.9252760196299245, 0.7180627746426814, -0.5871645962184125, -0.3736623992591738], "cam_t": [108.71682225702858, -113.77460435036706, 1274.1375807446614], "keypoints": [389.4002380371094, 203.7578125, 0.02108008600771427, 374.8473205566406, 213.4597625732422, 0.3058401644229889, 383.16326904296875, 215.5387420654297, 0.6891921162605286, 359.60137939453125, 192.6698760986328, 0.026920491829514503, 359.60137939453125, 196.13485717773438, 0.2743317484855652, 373.4613037109375, 205.14381408691406, 0.14682558178901672, 401.18115234375, 191.2838897705078, 0.006658770143985748, 369.996337890625, 191.9768829345703, 0.15676021575927734, 366.5313720703125, 187.12591552734375, 0.0281535517424345, 387.32122802734375, 188.51190185546875, 0.07392467558383942, 384.54925537109375, 172.572998046875, 0.4559531807899475, 376.9263000488281, 173.2659912109375, 0.18622803688049316, 374.8473205566406, 245.3375701904297, 0.07221967726945877, 376.9263000488281, 214.8457489013672, 0.1616506576538086, 388.70721435546875, 207.22279357910156, 0.5775543451309204, 365.8383483886719, 193.3628692626953, 0.11921200901269913, 364.4523620605469, 192.6698760986328, 0.08046752214431763, 379.6982727050781, 191.2838897705078, 0.02652844972908497, 389.4002380371094, 195.44186401367188, 0.2840385437011719, 382.47027587890625, 194.74887084960938, 0.09452152252197266, 365.1453552246094, 193.3628692626953, 0.06901074945926666, 376.2333068847656, 187.81890869140625, 0.0323871485888958, 374.154296875, 200.98582458496094, 0.07995104044675827, 374.8473205566406, 186.4329071044922, 0.13791200518608093, 379.0052795410156, 191.2838897705078, 0.08845525979995728, 366.5313720703125, 195.44186401367188, 0.17316648364067078, 374.8473205566406, 199.59983825683594, 0.030148930847644806, 379.0052795410156, 191.9768829345703, 0.03571585565805435, 386.62823486328125, 186.4329071044922, 0.08361507952213287, 381.77728271484375, 186.4329071044922, 0.08954639732837677, 382.47027587890625, 187.12591552734375, 0.11828073859214783, 365.1453552246094, 189.2049102783203, 0.11366336792707443, 390.0932312011719, 239.79360961914062, 0.10523967444896698, 366.5313720703125, 187.12591552734375, 0.31291165947914124, 387.32122802734375, 189.2049102783203, 0.10443789511919022, 365.1453552246094, 185.7399139404297, 0.04595676809549332, 364.4523620605469, 182.9679412841797, 0.15351052582263947, 367.9173583984375, 183.6609344482422, 0.04021473973989487, 362.3733825683594, 185.7399139404297, 0.20466649532318115, 363.0663757324219, 179.50296020507812, 0.2703346014022827, 384.54925537109375, 180.88894653320312, 0.3023895025253296, 365.1453552246094, 175.34498596191406, 0.3460819721221924, 376.2333068847656, 163.5640411376953, 0.7137782573699951, 379.6982727050781, 198.90684509277344, 0.014037741348147392, 388.70721435546875, 198.90684509277344, 0.41002514958381653, 369.996337890625, 187.12591552734375, 0.02372131496667862, 377.6192932128906, 212.7667694091797, 0.0271069947630167, 367.224365234375, 212.7667694091797, 0.01904500648379326, 381.0842590332031, 169.80101013183594, 0.34644681215286255, 381.77728271484375, 170.49400329589844, 0.02772476337850094], "score": 2.048309803009033}, {"image_id": "000000000569.png", "cam_R": [-0.8298793123250884, 0.13270975833517643, 0.5419302971946277, 0.5508501359683671, 0.3492645116009494, 0.7580095175126641, -0.08868176068656983, 0.9275787950243198, -0.36295058113021494], "cam_t": [82.39577364349664, -84.75342713675828, -1052.929360394148], "keypoints": [331.2265625, 313.23028564453125, 0.4801873564720154, 236.8372344970703, 352.64556884765625, 0.01922481320798397, 287.6622619628906, 310.1185302734375, 0.17628923058509827, 301.14642333984375, 317.3792419433594, 0.03720293939113617, 292.8484802246094, 275.8894348144531, 0.052008241415023804, 293.8857116699219, 275.8894