0:
- cam_R_m2c: [0.7064761504904575, -0.7071482361949998, 0.028858635353833206, -0.41593409250994007, -0.44783894804013635, -0.7914790630877337, 0.5726170443464964, 0.547157791377044, -0.6105145959428635]
  cam_t_m2c: [-159.60777146841505, -61.32893834760398, 2394.155056891687]
  obj_bb: [197, 125, 171, 208]
  obj_id: 0
1:
- cam_R_m2c: [0.7465360898341398, -0.657087543322478, 0.10449797598797553, -0.36334524736477636, -0.5341950206528576, -0.7632928082506232, 0.5573724946501957, 0.5318567855354708, -0.637545497895871]
  cam_t_m2c: [-79.14982797233806, -111.41059442726501, 2023.3496265390563]
  obj_bb: [205, 88, 202, 249]
  obj_id: 0
2:
- cam_R_m2c: [0.7465483257408226, -0.6570753839001702, 0.10448701931828047, -0.3633431213628482, -0.5341965226966073, -0.7632927690586069, 0.5573574916441666, 0.531870299049775, -0.6375473405927011]
  cam_t_m2c: [-79.13338544172116, -111.41949813735742, 1973.2663395174359]
  obj_bb: [201, 84, 208, 255]
  obj_id: 0
3:
- cam_R_m2c: [0.7719058377537444, -0.6291564642697342, 0.09123333332339076, -0.3946323674466695, -0.5867110120421452, -0.7071318709490605, 0.4984241890248977, 0.5098355929278463, -0.7011711602588804]
  cam_t_m2c: [-89.06494072085958, -111.42323806094969, 1451.9747381864897]
  obj_bb: [149, 25, 293, 352]
  obj_id: 0
4:
- cam_R_m2c: [0.8141510284369097, -0.5788184087403196, 0.04612323274062524, -0.4158494463973905, -0.6366705964726512, -0.6493995607622032, 0.40524972649726176, 0.5095289994597783, -0.7590473357330304]
  cam_t_m2c: [-89.25131693610933, -91.12097586801153, 1441.5108552219708]
  obj_bb: [146, 25, 292, 360]
  obj_id: 0
5:
- cam_R_m2c: [0.911703219567483, -0.40720017799951413, 0.05463748225761256, -0.2522541445034273, -0.6597664182523674, -0.7078673038976206, 0.32429166811857957, 0.631582368645299, -0.7042291002261003]
  cam_t_m2c: [-19.024178116458334, -20.572733178298453, 1461.729935709756]
  obj_bb: [198, 64, 262, 348]
  obj_id: 0
6:
- cam_R_m2c: [0.9649755169202405, -0.2558517670464029, 0.0579838343311896, -0.1367812019683993, -0.6792897162259414, -0.7210106685880313, 0.22385967598608203, 0.6878265440711875, -0.6904936572760775]
  cam_t_m2c: [10.89800299857554, -60.65902385773893, 1421.8173148069568]
  obj_bb: [224, 49, 244, 344]
  obj_id: 0
7:
- cam_R_m2c: [0.995812605602419, 0.08991903885073677, 0.016486994131160365, 0.07522867377319267, -0.7035573856697179, -0.7066453507325426, -0.051941324257740853, 0.7049266426528021, -0.7073758034542889]
  cam_t_m2c: [-40.30391463944437, 39.9491273425961, 1571.723407391247]
  obj_bb: [198, 104, 188, 307]
  obj_id: 0
8:
- cam_R_m2c: [0.99620367424563, 0.08612271668435523, 0.012693190710499236, 0.069867828962212, -0.7040166125188398, -0.7067383502921041, -0.05193000958611421, 0.704942186968835, -0.7073611433602938]
  cam_t_m2c: [-40.31110697141528, 39.96205648443759, 1551.6898908555322]
  obj_bb: [196, 103, 190, 310]
  obj_id: 0
9:
- cam_R_m2c: [0.9915128087922476, 0.1258969961199149, 0.03243911788088811, 0.11183172568684735, -0.6986597575648099, -0.7066598957697987, -0.06630245192155224, 0.7042900606479288, -0.7068093769480758]
  cam_t_m2c: [-40.32680328315086, 39.91033437915698, 1621.816659871244]
  obj_bb: [201, 106, 187, 302]
  obj_id: 0
10:
- cam_R_m2c: [0.9883051275611068, 0.15237094381985028, 0.006005856797539157, 0.11156775028053528, -0.6956772330545632, -0.7096378122020325, -0.10395004537644337, 0.702008748441923, -0.7045410599654504]
  cam_t_m2c: [-40.451042001397404, 39.894627530533285, 1621.8412316875872]
  obj_bb: [196, 107, 193, 302]
  obj_id: 0
11:
- cam_R_m2c: [0.9883053502462208, 0.1523694971781044, 0.006005914117563918, 0.1115688072776578, -0.6956911337591337, -0.7096240185137282, -0.10394679368473457, 0.7019952868350491, -0.7045549526786682]
  cam_t_m2c: [-40.45168125807006, 29.846840987647493, 1621.8578116486785]
  obj_bb: [196, 103, 193, 302]
  obj_id: 0
12:
- cam_R_m2c: [0.9755898738689108, 0.21278674910118034, -0.05427888550250082, 0.1103941254847749, -0.6888850166983286, -0.7164150827746407, -0.18983554741642575, 0.6929352301445604, -0.6955596536326781]
  cam_t_m2c: [-60.832462774982595, 19.760524572179428, 1621.9886259991206]
  obj_bb: [176, 101, 206, 302]
  obj_id: 0
13:
- cam_R_m2c: [0.9643815778169142, 0.24868606423053483, -0.09012998294067266, 0.10928214327326938, -0.6848815098601776, -0.7204128889832859, -0.24088500478228253, 0.6849033208484026, -0.6876640571978951]
  cam_t_m2c: [-60.92922023617028, 29.734192566592398, 1732.2313789989407]
  obj_bb: [181, 114, 200, 282]
  obj_id: 0
14:
- cam_R_m2c: [0.8533857016490857, 0.5202410479858661, 0.03289523083160856, 0.36361401158017587, -0.5488674314589157, -0.7526814686613882, -0.3735206752021483, 0.6542887700964003, -0.657562552554714]
  cam_t_m2c: [-80.99296207201351, -161.41158404365743, 2133.7311131085503]
  obj_bb: [201, 81, 185, 236]
  obj_id: 0
15:
- cam_R_m2c: [0.8533857016490857, 0.5202410479858661, 0.03289523083160856, 0.36361401158017587, -0.5488674314589157, -0.7526814686613882, -0.3735206752021483, 0.6542887700964003, -0.657562552554714]
  cam_t_m2c: [-80.99296207201351, -161.41158404365743, 2133.7311131085503]
  obj_bb: [201, 81, 185, 236]
  obj_id: 0
16:
- cam_R_m2c: [0.8533659463145665, 0.5202733847141466, 0.03289630418041806, 0.36363794180768266, -0.5488574810659398, -0.7526771637002309, -0.37354251290651963, 0.6542714044156578, -0.6575674265164336]
  cam_t_m2c: [-101.02405755754377, -161.39683711145398, 2223.89364957694]
  obj_bb: [201, 87, 177, 227]
  obj_id: 0
17:
- cam_R_m2c: [0.853357273440238, 0.5202886381285309, 0.03288003803224712, 0.36363696012610125, -0.548857207250848, -0.7526778376430703, -0.37356328124815963, 0.6542595043888613, -0.6575674686448152]
  cam_t_m2c: [-101.00611485976442, -171.42957810465813, 2263.9988369879516]
  obj_bb: [203, 87, 174, 222]
  obj_id: 0
18:
- cam_R_m2c: [0.8533585708154044, 0.5202841864561316, 0.03291678811139756, 0.3636606042662601, -0.5488487585916211, -0.7526725749601448, -0.3735373000392168, 0.6542701319150352, -0.6575716538623714]
  cam_t_m2c: [-121.08036050357495, -171.42977152528775, 2264.001045587565]
  obj_bb: [197, 87, 175, 222]
  obj_id: 0
19:
- cam_R_m2c: [0.8533562106912677, 0.5202859185665261, 0.03295057838683371, 0.36368806639683016, -0.548841968260903, -0.7526642573126696, -0.3735159541909495, 0.6542744506832618, -0.6575794820004198]
  cam_t_m2c: [-141.1603502962254, -191.5099734525694, 2264.0773529600347]
  obj_bb: [192, 82, 175, 222]
  obj_id: 0
20:
- cam_R_m2c: [0.8341550525805403, 0.5515272798821497, 0.001734301056079246, 0.35567671737405815, -0.5355331137811262, -0.7659623729413252, -0.4215203683956097, 0.639548233982151, -0.6428830651354422]
  cam_t_m2c: [-151.26242159087607, -191.55151765287653, 2324.302932944937]
  obj_bb: [190, 87, 172, 215]
  obj_id: 0
21:
- cam_R_m2c: [0.8341516450579904, 0.5515323979873379, 0.001745570790417178, 0.35568833848195747, -0.5355278769375797, -0.7659606379512416, -0.421517305593723, 0.6395482053708423, -0.6428851017809813]
  cam_t_m2c: [-161.30478670500258, -211.6310554841388, 2324.377084415468]
  obj_bb: [187, 82, 173, 214]
  obj_id: 0
22:
- cam_R_m2c: [0.8341496948567334, 0.5515353011013278, 0.0017601731407862198, 0.3557003537809303, -0.5355216970720699, -0.7659593790046383, -0.42151102582321465, 0.6395508764782657, -0.6428865619262416]
  cam_t_m2c: [-171.3445119111654, -221.67125175148453, 2324.4139228133313]
  obj_bb: [185, 79, 172, 215]
  obj_id: 0
23:
- cam_R_m2c: [0.8341301066122364, 0.5515650376992366, 0.0017246538490053587, 0.3556940582156954, -0.5355199851597349, -0.7659634994205448, -0.421555099830507, 0.6395266645593106, -0.6428817489434073]
  cam_t_m2c: [-171.29652409635108, -231.68924350166284, 2414.6048945874295]
  obj_bb: [190, 83, 166, 206]
  obj_id: 0
24:
- cam_R_m2c: [0.8341281655348326, 0.5515679786634766, 0.0017228971475363175, 0.3556948418585822, -0.5355195027147976, -0.7659634728153124, -0.42155827940712143, 0.639524532074558, -0.6428817853525833]
  cam_t_m2c: [-171.2991602093836, -241.7286008619588, 2414.6391776599585]
  obj_bb: [190, 80, 166, 206]
  obj_id: 0
25:
- cam_R_m2c: [0.8341158029910704, 0.5515867434554906, 0.0017004836748747698, 0.35568972251509595, -0.5355166820795871, -0.7659678221123942, -0.4215870592151707, 0.6395107095730588, -0.6428766630106175]
  cam_t_m2c: [-171.2711460301609, -251.75314292949912, 2474.778935365549]
  obj_bb: [194, 82, 161, 200]
  obj_id: 0
26:
- cam_R_m2c: [0.8341193310013126, 0.5515813838297847, 0.0017084093019339441, 0.35569203460256155, -0.53551665421149, -0.7659667679360651, -0.42157812819240686, 0.6395153556206068, -0.6428778980142617]
  cam_t_m2c: [-171.2814733478243, -251.7576868506509, 2454.7423786562285]
  obj_bb: [193, 80, 162, 203]
  obj_id: 0
27:
- cam_R_m2c: [0.8340972709758763, 0.5516148621096584, 0.0016692664069261898, 0.35568479187935165, -0.5355133126689454, -0.7659724673773035, -0.4216278825888262, 0.6394892773566064, -0.6428712100954499]
  cam_t_m2c: [-171.2323937757604, -271.8089502610524, 2565.0097862962643]
  obj_bb: [199, 82, 155, 194]
  obj_id: 0
28:
- cam_R_m2c: [0.8340850228453426, 0.5516334416787251, 0.0016494504447869818, 0.35568223877150945, -0.5355110254599146, -0.7659752519718623, -0.4216542655868338, 0.639475165766862, -0.6428679434221872]
  cam_t_m2c: [-171.20281553457335, -281.83026619873783, 2635.166066614457]
  obj_bb: [202, 84, 151, 189]
  obj_id: 0
29:
- cam_R_m2c: [0.8340996534271202, 0.5516112337149824, 0.0016777938470725062, 0.3556881487085054, -0.5355116071484458, -0.7659721009786224, -0.4216203375325654, 0.6394938353484918, -0.6428716244556154]
  cam_t_m2c: [-171.24865669586995, -281.8551460286308, 2534.991162086269]
  obj_bb: [197, 78, 157, 196]
  obj_id: 0
30:
- cam_R_m2c: [0.8340930259922686, 0.5516212889585672, 0.0016666009568363505, 0.35568651112183813, -0.5355106339101399, -0.7659735418244775, -0.42163482991450657, 0.6394859768101635, -0.6428699368193507]
  cam_t_m2c: [-171.22994468859935, -281.8448822640081, 2575.0614214551747]
  obj_bb: [199, 81, 155, 192]
  obj_id: 0
31:
- cam_R_m2c: [0.834083627840771, 0.5516355556858077, 0.0016478686808309995, 0.35568297692420536, -0.5355113880239248, -0.7659746557315227, -0.4216564024111507, 0.6394730385246118, -0.6428686578966082]
  cam_t_m2c: [-171.19908671787442, -281.8283969164743, 2645.1873074650543]
  obj_bb: [203, 85, 150, 187]
  obj_id: 0
32:
- cam_R_m2c: [0.8340871179796743, 0.5516303079029695, 0.0016379936617061386, 0.35567168265331767, -0.5355153602448759, -0.7659771230920402, -0.4216590254920656, 0.6394742390000367, -0.6428657432749125]
  cam_t_m2c: [-161.17345527837094, -281.8327435330513, 2625.150105061372]
  obj_bb: [204, 84, 151, 189]
  obj_id: 0
33:
- cam_R_m2c: [0.834087186588631, 0.5516302337082082, 0.0016280134182998507, 0.35566335212224354, -0.5355167300852798, -0.7659800335230277, -0.4216659164858261, 0.6394731558539398, -0.6428623008206121]
  cam_t_m2c: [-151.1495387507929, -291.8756710812459, 2605.149732069965]
  obj_bb: [206, 80, 152, 191]
  obj_id: 0
34:
- cam_R_m2c: [0.8340853521195865, 0.5516330113336735, 0.0016267103273491512, 0.3556637171193646, -0.5355152095245084, -0.7659809271076916, -0.4216692373227888, 0.6394720331452075, -0.6428612393983264]
  cam_t_m2c: [-151.15179777755873, -301.91441109573987, 2605.185685759828]
  obj_bb: [206, 78, 152, 190]
  obj_id: 0
35:
- cam_R_m2c: [0.5047574992721022, 0.8617025454628432, 0.05185161589989723, 0.5630426622705876, -0.2830917800783672, -0.7764290080331301, -0.6543720863482969, 0.42110303631643176, -0.6280679942595858]
  cam_t_m2c: [18.99815294989341, -31.62506229375806, 1482.1224527628106]
  obj_bb: [187, 77, 296, 319]
  obj_id: 0
36:
- cam_R_m2c: [0.2015594906674456, 0.9660973560822858, 0.16133713240509162, 0.6927081888542584, -0.024146534708447298, -0.7208136444018158, -0.6924804234172499, 0.2570463838150456, -0.6740905130258656]
  cam_t_m2c: [29.512782047988388, -22.1164636716324, 1151.2998525752405]
  obj_bb: [186, 44, 373, 363]
  obj_id: 0
37:
- cam_R_m2c: [-0.16965368455810637, 0.9854177835182714, 0.013016114696639658, 0.5945303362049013, 0.11287247123120159, -0.7961114774767721, -0.7859715686002554, -0.12732477042625767, -0.6050099967669584]
  cam_t_m2c: [40.943800852922806, -2.150687739872245, 1051.1847900672685]
  obj_bb: [122, 42, 431, 408]
  obj_id: 0
38:
- cam_R_m2c: [-0.27919730633041817, 0.9595633794262003, -0.03587457319619003, 0.5512280655806622, 0.12957186011485433, -0.824232220179834, -0.7862547194478645, -0.2498984872514176, -0.5651143797634361]
  cam_t_m2c: [51.342934724155114, -2.01515707484781, 1131.636290670935]
  obj_bb: [139, 60, 376, 385]
  obj_id: 0
39:
- cam_R_m2c: [-0.28301275244308366, 0.9586495598168421, 0.029913264909818382, 0.4874775200941244, 0.17063283345459712, -0.8563002414749973, -0.8259960347105019, -0.22776184406135946, -0.5156113779119857]
  cam_t_m2c: [61.12588042359962, -72.12324277729358, 1452.4373442812837]
  obj_bb: [199, 69, 279, 302]
  obj_id: 0
40:
- cam_R_m2c: [-0.22659768412926717, 0.9655167775752933, 0.12818284506077532, 0.45118244203571095, 0.22068849880516728, -0.8647143982227972, -0.8631847389440719, -0.13810843100891307, -0.4856317202760865]
  cam_t_m2c: [60.820521910453465, -152.17066077538982, 1913.4022430298176]
  obj_bb: [233, 80, 208, 233]
  obj_id: 0
41:
- cam_R_m2c: [-0.28968554332155516, 0.9533011749514472, 0.08543509715969111, 0.5762837021929369, 0.24499258041464977, -0.7796638571388146, -0.7641854359887382, -0.17662249397503688, -0.6203427391730642]
  cam_t_m2c: [80.7890221041384, -141.90676285945614, 2192.9836719811824]
  obj_bb: [252, 97, 182, 211]
  obj_id: 0
42:
- cam_R_m2c: [-0.41956955117609807, 0.9051749686497141, 0.06796813853473377, 0.452667170960676, 0.2735480073055282, -0.8486836395463466, -0.7867997356763319, -0.32531486874897686, -0.5245154069333811]
  cam_t_m2c: [81.02899450909304, -141.8972498747153, 2284.162099955583]
  obj_bb: [253, 106, 179, 202]
  obj_id: 0
43:
- cam_R_m2c: [-0.06587002549293852, 0.9966001525141681, 0.04949015811548935, 0.22459533399170944, 0.0631332119498772, -0.9724048197628621, -0.9722232643229187, -0.05293707167598516, -0.22799033039069777]
  cam_t_m2c: [10.219589139954882, -172.10260281285832, 2445.692031488014]
  obj_bb: [247, 126, 149, 151]
  obj_id: 0
44:
- cam_R_m2c: [-0.0659970224016494, 0.9923043114010122, 0.10476901550114393, 0.22471736598300035, 0.11708152337730415, -0.9673644723212198, -0.972186452518126, -0.04029975755029397, -0.2307150430327617]
  cam_t_m2c: [10.281829822423573, -131.95872597134087, 2445.5988745774553]
  obj_bb: [243, 132, 156, 159]
  obj_id: 0
45:
- cam_R_m2c: [-0.6969319694393519, 0.7164620813469075, 0.031111347856428273, 0.2581893757611393, 0.2911522050357259, -0.9211778545682194, -0.6690471405046581, -0.6339656769060071, -0.38789617720164327]
  cam_t_m2c: [71.26331249918117, -342.7186549294471, 2416.875089865317]
  obj_bb: [257, 75, 167, 173]
  obj_id: 0
46:
- cam_R_m2c: [-0.6969321045363878, 0.7164620824603722, 0.031108295726839985, 0.2581434028593175, 0.2911048189658686, -0.9212057142327448, -0.6690647391894851, -0.6339874358150928, -0.3878302541085601]
  cam_t_m2c: [81.34753707829628, -382.94426886041464, 2346.820070532785]
  obj_bb: [257, 61, 173, 175]
  obj_id: 0
47:
- cam_R_m2c: [-0.5206092693455802, 0.8464294123517522, 0.11190727669516692, 0.45764829558214504, 0.3872984302737381, -0.8003486511878782, -0.7207801511017202, -0.36545475207385925, -0.588998130696877]
  cam_t_m2c: [30.927181057667514, -432.72309907713765, 2495.14550988377]
  obj_bb: [245, 44, 170, 189]
  obj_id: 0
48:
- cam_R_m2c: [-0.5614421344031599, 0.8109155820449243, 0.16492012767872216, 0.3912540717051758, 0.4357402647805535, -0.810586622775811, -0.7291796631084451, -0.39057181214946285, -0.5619169675880409]
  cam_t_m2c: [-239.8658129157446, -342.4051906362408, 2384.926471232602]
  obj_bb: [178, 57, 177, 201]
  obj_id: 0
49:
- cam_R_m2c: [-0.6646526740328551, 0.72577149992318, 0.1774614121442541, 0.34868696817442435, 0.5113741433036468, -0.7854386569209526, -0.6607981697358909, -0.46016542184275355, -0.5929532556736472]
  cam_t_m2c: [-179.59116677353163, -271.98768547136086, 2404.6339640356373]
  obj_bb: [195, 74, 176, 204]
  obj_id: 0
50:
- cam_R_m2c: [-0.664808862839747, 0.7153980713078193, 0.21502273242328282, 0.34877045801787976, 0.5517984457231525, -0.7575471225683001, -0.6605969599564631, -0.4286304642306297, -0.6163502102130849]
  cam_t_m2c: [-119.34069742877627, -241.80106573231706, 2404.210517902386]
  obj_bb: [207, 79, 180, 208]
  obj_id: 0
51:
- cam_R_m2c: [-0.9557056618674513, 0.25146309521362215, 0.15294770223864645, 0.03831613046444132, 0.6215338560768232, -0.7824497043877687, -0.2918193996648077, -0.7419312484966916, -0.603638518058127]
  cam_t_m2c: [-29.42052746654741, -181.35621004917135, 2124.246377608211]
  obj_bb: [243, 82, 160, 219]
  obj_id: 0
52:
- cam_R_m2c: [-0.9816493746547041, 0.153668040197671, 0.1129187259130889, -0.0005933076808370547, 0.5896796804291499, -0.80763699919888, -0.19069387306891689, -0.7928833507589769, -0.5787675171113124]
  cam_t_m2c: [-190.30518465317616, -161.30372269310107, 2786.039655785947]
  obj_bb: [237, 124, 100, 164]
  obj_id: 0
53:
- cam_R_m2c: [0.7646912533379295, -0.643469211542976, -0.034563866460918524, -0.3742661257712655, -0.39983044003082313, -0.8366961732462542, 0.5245685409635565, 0.6527503297747305, -0.5465755691671063]
  cam_t_m2c: [84.19080913411061, 110.72935050391118, 1966.3252412131649]
  obj_bb: [242, 153, 208, 255]
  obj_id: 0
54:
- cam_R_m2c: [0.6691431351747757, -0.7397905993923614, 0.07040833543808772, -0.44190493609335524, -0.4722901569594451, -0.7626677094879198, 0.5974675657345754, 0.4792200712511042, -0.6429468338869765]
  cam_t_m2c: [-368.3221978353348, -207.4673278979191, 2773.0886218878804]
  obj_bb: [171, 108, 148, 180]
  obj_id: 0
55:
- cam_R_m2c: [0.6510233185625907, -0.753636283049442, 0.09055932618550555, -0.45457323981465947, -0.48263590536942863, -0.7486158911568976, 0.6078912800264168, 0.446200555490077, -0.6567901155987286]
  cam_t_m2c: [-492.54089383375697, -295.34552859037984, 3001.864823584744]
  obj_bb: [158, 100, 137, 167]
  obj_id: 0
56:
- cam_R_m2c: [0.6468198470845031, -0.7566627118833587, 0.09531854941668366, -0.45738558862634315, -0.48489257733923724, -0.7454378657931493, 0.6102642941664806, 0.4385666755313644, -0.6597247625933513]
  cam_t_m2c: [-524.6893470575515, -317.5289816331482, 3060.3427539915965]
  obj_bb: [155, 98, 135, 164]
  obj_id: 0
57:
- cam_R_m2c: [0.6344435800208712, -0.7652113644921708, 0.10923786624760884, -0.46579370568580214, -0.4912617246910018, -0.7360014548879035, 0.6168610601373608, 0.41606908741896764, -0.668108484439884]
  cam_t_m2c: [-626.1724172447568, -388.34456895211855, 3246.174490409772]
  obj_bb: [147, 93, 127, 155]
  obj_id: 0
58:
- cam_R_m2c: [0.6521877913774689, -0.7527846624505663, 0.08925433747087896, -0.4537747692021526, -0.48200139371888306, -0.7495085825316393, 0.6072392803613018, 0.4483189806736282, -0.6559501108728064]
  cam_t_m2c: [-483.9477488511908, -289.32120254831744, 2986.098268857101]
  obj_bb: [159, 101, 138, 167]
  obj_id: 0
59:
- cam_R_m2c: [0.7086903204949003, -0.7050225791631028, 0.02648003978550434, -0.41425878415453554, -0.44620866218228616, -0.7932764269435344, 0.5710934156402447, 0.551217736165756, -0.6082855562551668]
  cam_t_m2c: [-149.10724467230716, -53.50322549346834, 2374.6177071896964]
  obj_bb: [199, 126, 172, 210]
  obj_id: 0
60:
- cam_R_m2c: [0.7152377780577872, -0.6986177318844201, 0.019188161340471743, -0.4097593363505164, -0.44143266155879257, -0.7982696859975988, 0.5661556385946747, 0.5630901082471518, -0.601994454195109]
  cam_t_m2c: [-117.81143376457275, -31.959650597136264, 2319.1366983277867]
  obj_bb: [204, 129, 176, 215]
  obj_id: 0
61:
- cam_R_m2c: [0.6997807523551843, -0.7134364231113526, 0.03626801361105514, -0.4206375098821953, -0.4525579001616138, -0.7862922054054822, 0.577382874627676, 0.5349764641359376, -0.616789428336196]
  cam_t_m2c: [-193.12732405493253, -84.87476110678602, 2454.6323011904738]
  obj_bb: [192, 122, 167, 203]
  obj_id: 0
62:
- cam_R_m2c: [0.7302213616855531, -0.6832051772861905, 0.002729224696182142, -0.39914485925514015, -0.4298481202754543, -0.8098851615049216, 0.5544908874528882, 0.5903060894358145, -0.5865821140357971]
  cam_t_m2c: [-51.122658991976365, 14.926004900547985, 2200.619881141455]
  obj_bb: [215, 136, 185, 226]
  obj_id: 0
63:
- cam_R_m2c: [0.7673589675376608, -0.6401091742673128, -0.037688989882381896, -0.37283287552207683, -0.397585373161367, -0.8384041495472669, 0.521685596762528, 0.6574086370492522, -0.5437444455473265]
  cam_t_m2c: [94.76261914150162, 116.5287668887932, 1950.8683034947308]
  obj_bb: [244, 154, 211, 257]
  obj_id: 0
64:
- cam_R_m2c: [0.7076948450789775, -0.7059850401627685, 0.02744320161745767, -0.41519181917953807, -0.44699752474585663, -0.7923439695974616, 0.5716500323930964, 0.5493435500098743, -0.6094570571644244]
  cam_t_m2c: [-153.37409924395024, -57.395854625899545, 2383.576959574548]
  obj_bb: [198, 125, 172, 209]
  obj_id: 0
65:
- cam_R_m2c: [0.7364560766355548, -0.6764715697637471, -0.004320010177992162, -0.39512415087243724, -0.42495985929288166, -0.8144237369988118, 0.54909867290306, 0.6014942504223512, -0.5802545252946782]
  cam_t_m2c: [-24.07836027984075, 32.465626436529476, 2155.17203414027]
  obj_bb: [220, 139, 190, 231]
  obj_id: 0
66:
- cam_R_m2c: [0.639570394814718, -0.7617342990478921, 0.10349187277540906, -0.4622855227315883, -0.48867480492730586, -0.7399250168105154, 0.6142001347682424, 0.4253913406303375, -0.6646806765412975]
  cam_t_m2c: [-582.8403305620736, -357.9590239658467, 3166.604989639016]
  obj_bb: [150, 95, 131, 159]
  obj_id: 0
67:
- cam_R_m2c: [0.6806517025839776, -0.7303362702584494, 0.05763846037594328, -0.43380894046368834, -0.46519398733240835, -0.7716244924336881, 0.5903584190500752, 0.5002034451048414, -0.6334614830926532]
  cam_t_m2c: [-298.26420448249837, -157.88294559129602, 2644.4687117612357]
  obj_bb: [179, 113, 154, 189]
  obj_id: 0
68:
- cam_R_m2c: [0.7324673592133801, -0.6808021489567151, 4.077862778778529e-05, -0.3979573604722721, -0.4282064364773278, -0.8113378994015567, 0.5523780471134963, 0.5942623004493109, -0.584577463927385]
  cam_t_m2c: [-40.74028493095691, 20.764943551284414, 2184.394778371565]
  obj_bb: [217, 137, 187, 228]
  obj_id: 0
69:
- cam_R_m2c: [0.6798078175646496, -0.7310567583771805, 0.058458080784746624, -0.4345891748759152, -0.4657628194539498, -0.7708419066805972, 0.5907567860453729, 0.49861910517483765, -0.6343385592063481]
  cam_t_m2c: [-302.65575233180016, -161.77388648357427, 2653.653055850418]
  obj_bb: [178, 113, 155, 188]
  obj_id: 0
70:
- cam_R_m2c: [0.6406231319601864, -0.7610087813043439, 0.10231147333119234, -0.4615648642139344, -0.48813423415511076, -0.7407312910691543, 0.6136447497703328, 0.4273062183299946, -0.663964996709785]
  cam_t_m2c: [-574.190108753698, -351.8929372123939, 3150.7201200069976]
  obj_bb: [151, 96, 131, 159]
  obj_id: 0
71:
- cam_R_m2c: [0.7109338198605174, -0.702846806125899, 0.024072201751345723, -0.41255870569722863, -0.4445374267199631, -0.7950986043244079, 0.5695335092265968, 0.5553312915402993, -0.6060022594877196]
  cam_t_m2c: [-138.61920349812348, -45.67839303975534, 2355.12304678555]
  obj_bb: [200, 127, 174, 212]
  obj_id: 0
72:
- cam_R_m2c: [0.7464665697864402, -0.6652541952699985, -0.01498385354082371, -0.3875522117374285, -0.4163384812167788, -0.8224752593455523, 0.5409167619594475, 0.6197573111579829, -0.568603492688476]
  cam_t_m2c: [15.455676337603983, 61.77180007734239, 2084.2686764576792]
  obj_bb: [227, 144, 197, 239]
  obj_id: 0
73:
- cam_R_m2c: [0.7040085242449806, -0.6938698547337839, 0.15138237176805894, -0.3897383291715554, -0.5556586001051955, -0.7344028560018669, 0.5936969197873353, 0.45802635821626264, -0.6616160688905449]
  cam_t_m2c: [-267.0147314847943, -244.61181429530419, 2366.720689722858]
  obj_bb: [175, 75, 174, 214]
  obj_id: 0
74:
- cam_R_m2c: [0.698699359375621, -0.6978880825003748, 0.15738941994952013, -0.392640968993784, -0.5579752362341315, -0.7310928157334659, 0.5980403620791148, 0.44901654763874255, -0.6638763930664097]
  cam_t_m2c: [-295.3577918606451, -263.3396517298972, 2416.705850020113]
  obj_bb: [172, 74, 170, 209]
  obj_id: 0
75:
- cam_R_m2c: [0.7159491269497518, -0.6842802079590424, 0.13848265095461307, -0.38208879460822825, -0.5500561981550345, -0.7425943252584553, 0.5843158398115857, 0.4787470896692312, -0.6552680546757351]
  cam_t_m2c: [-209.7291616835267, -202.85790570160881, 2259.6620200421285]
  obj_bb: [183, 79, 182, 223]
  obj_id: 0
76:
- cam_R_m2c: [0.8005370376916386, -0.5977106475370694, 0.04338701539300649, -0.3293455364828336, -0.49927828228385857, -0.8014067097538641, 0.5006715179463779, 0.6272664335515626, -0.596544090957888]
  cam_t_m2c: [106.4140691918627, 18.20778655580482, 1698.6274797610292]
  obj_bb: [245, 105, 243, 298]
  obj_id: 0
77:
- cam_R_m2c: [0.7302233454509107, -0.6720938676847219, 0.12273426082016076, -0.37328182935230036, -0.5429387457122631, -0.7522487582441029, 0.5722189630149281, 0.5034951354531503, -0.6473469756947461]
  cam_t_m2c: [-145.98581422706633, -157.8411048672172, 2143.301127043905]
  obj_bb: [193, 83, 191, 235]
  obj_id: 0
78:
- cam_R_m2c: [0.7106011593513148, -0.6886484383432149, 0.14425436109878398, -0.3855463733160075, -0.5526169348750076, -0.7388968245379223, 0.5885575471875633, 0.4694441944009987, -0.6581961424923093]
  cam_t_m2c: [-234.75281735112472, -221.19449797792893, 2306.5449496325027]
  obj_bb: [180, 77, 178, 219]
  obj_id: 0
79:
- cam_R_m2c: [0.7424505040322946, -0.6609756973571785, 0.10898796523186915, -0.3660005187682031, -0.5364979492754834, -0.7604035577800824, 0.5610800917191751, 0.5246723529274172, -0.6402406209777772]
  cam_t_m2c: [-94.98773457520886, -122.9474874729213, 2052.520011356039]
  obj_bb: [202, 87, 199, 245]
  obj_id: 0
80:
- cam_R_m2c: [0.6789549765774026, -0.7120824413323068, 0.178770066082108, -0.4047326579271844, -0.5661785089282785, -0.7180761600519461, 0.6125451945676957, 0.41518729842562996, -0.6726127354117306]
  cam_t_m2c: [-407.2473764468973, -342.94764364998326, 2623.4236003229266]
  obj_bb: [159, 68, 157, 193]
  obj_id: 0
81:
- cam_R_m2c: [0.7792048747284291, -0.6230980228109175, 0.06773933250762498, -0.3428778543966511, -0.5142425903986082, -0.7861229771381055, 0.5246661225615793, 0.5893245389335615, -0.6143468463717733]
  cam_t_m2c: [38.129582922920186, -29.246915774023705, 1815.4353967901623]
  obj_bb: [228, 98, 227, 278]
  obj_id: 0
82:
- cam_R_m2c: [0.7877708807148471, -0.6132293513374261, 0.05802415148913448, -0.33740952113940703, -0.5084093984355309, -0.7922592370095143, 0.5153366419557515, 0.6045408557249885, -0.6074195413526537]
  cam_t_m2c: [66.09806582593068, -9.608025511443067, 1766.8581980590186]
  obj_bb: [235, 101, 233, 286]
  obj_id: 0
83:
- cam_R_m2c: [0.6687581447432341, -0.7188468070450863, 0.18979413015336422, -0.4108445501583978, -0.5700705243367815, -0.7114958558470532, 0.6196525634940369, 0.3978427645232115, -0.6765735993015077]
  cam_t_m2c: [-472.663235258046, -389.10962958910767, 2743.766163288704]
  obj_bb: [152, 65, 151, 185]
  obj_id: 0
84:
- cam_R_m2c: [0.6672379178379962, -0.7198019448187004, 0.19151689542813477, -0.4116254388680113, -0.5706329218330032, -0.7105931090272735, 0.6207721474711406, 0.3953014403661416, -0.6770367140477112]
  cam_t_m2c: [-483.37398308645584, -396.1063570467202, 2762.574514713901]
  obj_bb: [151, 65, 150, 184]
  obj_id: 0
85:
- cam_R_m2c: [0.6950644095657211, -0.7005954771528492, 0.16140459704737964, -0.3947728921688375, -0.5595450884117215, -0.7287411458419032, 0.6008659003169566, 0.4428038746751096, -0.6654959792583295]
  cam_t_m2c: [-315.0038616517856, -276.9029827927768, 2452.310795550186]
  obj_bb: [169, 73, 168, 206]
  obj_id: 0
86:
- cam_R_m2c: [0.7185730998622445, -0.6821152875929337, 0.1355412652529657, -0.3805680561207736, -0.5488061736651685, -0.744298151554505, 0.5820830308597057, 0.4832499541427878, -0.6539486424836224]
  cam_t_m2c: [-197.35637606032228, -194.45954713935248, 2237.5713505415115]
  obj_bb: [185, 79, 183, 226]
  obj_id: 0
87:
- cam_R_m2c: [0.6665995255544097, -0.7202322728776567, 0.1921211743565011, -0.4121332782944658, -0.5708650433037304, -0.7101121483653736, 0.6211209491338163, 0.39418089177345306, -0.6773700547764069]
  cam_t_m2c: [-487.2516824971971, -399.4035208565501, 2770.602527788788]
  obj_bb: [151, 65, 149, 183]
  obj_id: 0
88:
- cam_R_m2c: [0.7635020276995677, -0.640118799593695, 0.08551360187347815, -0.3526988520216495, -0.5242282193111027, -0.7751053437182076, 0.5409881454165695, 0.5616339523966096, -0.6260184741955331]
  cam_t_m2c: [-16.068894076398017, -66.96329063564372, 1910.3683292668857]
  obj_bb: [217, 93, 214, 264]
  obj_id: 0
89:
- cam_R_m2c: [0.7582311862987666, -0.6455344167221654, 0.0914919939182604, -0.3559017796447034, -0.5273792760201113, -0.7714953159094593, 0.5462777602737441, 0.5524096451472198, -0.6296222618194377]
  cam_t_m2c: [-35.31282380947266, -80.12660978248417, 1944.0553525915427]
  obj_bb: [213, 91, 211, 260]
  obj_id: 0
90:
- cam_R_m2c: [0.7972578826124916, -0.6017831305645626, 0.04729621951236185, -0.33116714251542256, -0.501553262347333, -0.7992325373424916, 0.5046862315641438, 0.6215314865689927, -0.5991580917194738]
  cam_t_m2c: [95.8062724884642, 11.669577609290332, 1715.2672862097056]
  obj_bb: [242, 104, 240, 295]
  obj_id: 0
91:
- cam_R_m2c: [0.7228181852575062, -0.678545140601337, 0.1308065870946738, -0.3780494635649341, -0.5467380239852182, -0.7470984782657534, 0.578456976930273, 0.4905650061867953, -0.6517158127171989]
  cam_t_m2c: [-177.9034000957766, -181.07159275612076, 2202.5861435771476]
  obj_bb: [188, 81, 186, 229]
  obj_id: 0
92:
- cam_R_m2c: [0.701214405740751, -0.6960220506430399, 0.1544398335932281, -0.39143736486802383, -0.5569033922356565, -0.7325540260633316, 0.5958818226517939, 0.4532239145666041, -0.6629577186352836]
  cam_t_m2c: [-281.3297846826608, -254.71070842787893, 2392.980921368518]
  obj_bb: [174, 74, 171, 211]
  obj_id: 0
93:
- cam_R_m2c: [0.756838696587339, -0.6469331587823167, 0.09312720019367196, -0.35669137861526556, -0.5282121601810182, -0.7705602989114115, 0.5476919277929152, 0.5499721828464021, -0.6305268831109773]
  cam_t_m2c: [-41.536310901976414, -84.15712248357535, 1904.534878747625]
  obj_bb: [209, 87, 215, 265]
  obj_id: 0
94:
- cam_R_m2c: [0.708226161390177, -0.6905391929282332, 0.14687180584631868, -0.3868264135014594, -0.5535933353787419, -0.7374955897100929, 0.5905768621781016, 0.46549977664255004, -0.6591880822690922]
  cam_t_m2c: [-242.84997750575542, -226.65736388334153, 2270.9657118402392]
  obj_bb: [175, 73, 181, 223]
  obj_id: 0
95:
- cam_R_m2c: [0.6657402317959988, -0.720807045485549, 0.19294337756607016, -0.4124656455752397, -0.5709627933185016, -0.7098405312928635, 0.6218215459345311, 0.39298688505384977, -0.6774210457221285]
  cam_t_m2c: [-483.97542057872533, -397.21688347489254, 2714.7839915772024]
  obj_bb: [148, 62, 152, 187]
  obj_id: 0
96:
- cam_R_m2c: [0.7637616850597995, -0.6398728825459092, 0.08503400859071217, -0.3529500149172618, -0.5242724815120516, -0.7749610648923597, 0.5404575611502914, 0.5618728141773586, -0.6262623773498569]
  cam_t_m2c: [-15.975068789525954, -68.05886095900189, 1861.9346632324794]
  obj_bb: [214, 89, 221, 271]
  obj_id: 0
97:
- cam_R_m2c: [0.6914573505660304, -0.7032923859509743, 0.16512586778452448, -0.39706961515538475, -0.5609425923243012, -0.726415259226324, 0.6035084531873278, 0.43671870578196986, -0.6671239157394675]
  cam_t_m2c: [-328.4755992906599, -287.43928502551626, 2428.7209461752527]
  obj_bb: [164, 69, 170, 208]
  obj_id: 0
98:
- cam_R_m2c: [0.7932429570065386, -0.6066828026741895, 0.05197680346955583, -0.33373754718987253, -0.5045825287141552, -0.7962510416395799, 0.5092984005032903, 0.6142739198890174, -0.6027293676178148]
  cam_t_m2c: [79.30431713752554, 0.5317840165355804, 1692.8609681992025]
  obj_bb: [236, 99, 243, 298]
  obj_id: 0
99:
- cam_R_m2c: [0.660560622577872, -0.7240533684297062, 0.19851041172978764, -0.41553926234552085, -0.5728120405635352, -0.7065504140786977, 0.6252893612951321, 0.38423051134837627, -0.67924968075082]
  cam_t_m2c: [-519.6256054191555, -422.3764975710237, 2780.354681391278]
  obj_bb: [144, 60, 150, 183]
  obj_id: 0
100:
- cam_R_m2c: [0.6678770896497879, -0.7194404070373974, 0.19064546635782595, -0.41119610231790604, -0.5701867995761313, -0.7111995353117793, 0.6203692114857822, 0.3966012031133952, -0.6766457914814192]
  cam_t_m2c: [-469.7463767962329, -387.17372632676, 2688.6063333333836]
  obj_bb: [149, 62, 154, 189]
  obj_id: 0
101:
- cam_R_m2c: [0.733134143832377, -0.6695129019160082, 0.11944371609747101, -0.371549853179447, -0.54141001256895, -0.754205479224608, 0.569618322870235, 0.5085544931057977, -0.645683586435652]
  cam_t_m2c: [-132.25382016806853, -148.54986545301773, 2068.901309816154]
  obj_bb: [192, 80, 199, 244]
  obj_id: 0
102:
- cam_R_m2c: [0.6671232280451772, -0.7199130546743331, 0.19149880498857796, -0.4115806190267328, -0.570463064448227, -0.7107554334241205, 0.6209251103346958, 0.3953442623964697, -0.6768714217235332]
  cam_t_m2c: [-474.9684324893287, -390.58768980197107, 2697.781297252085]
  obj_bb: [149, 62, 153, 188]
  obj_id: 0
103:
- cam_R_m2c: [0.6784449242368287, -0.7124727280218957, 0.17915104410056618, -0.4050252511190729, -0.5661962116473094, -0.7178972042515331, 0.6129168220347823, 0.41449301772318614, -0.6727023914967969]
  cam_t_m2c: [-402.60336966174475, -340.34777345094125, 2565.9810575779543]
  obj_bb: [156, 65, 161, 198]
  obj_id: 0
104:
- cam_R_m2c: [0.7538918245417817, -0.6499035892437831, 0.09629351783537643, -0.35876691979554576, -0.530015648993878, -0.7683551972115598, 0.550393871831328, 0.5447097727319076, -0.6327383735327526]
  cam_t_m2c: [-51.79020292069273, -92.13940751531567, 1924.0873268732048]
  obj_bb: [207, 86, 213, 262]
  obj_id: 0
105:
- cam_R_m2c: [0.729343252031769, -0.6728941492717464, 0.12357946670695732, -0.3739883709211067, -0.5433910123153108, -0.7515709588260568, 0.5728796724718901, 0.5019359238097971, -0.6479731547353683]
  cam_t_m2c: [-147.7714358357299, -159.84955881290813, 2097.679702915017]
  obj_bb: [190, 79, 195, 240]
  obj_id: 0
106:
- cam_R_m2c: [0.6708259158743892, -0.7175401890978224, 0.18742643255621041, -0.40950484565899486, -0.569097154874729, -0.7130457276327313, 0.6183028157570442, 0.40157752096320043, -0.6756013045309792]
  cam_t_m2c: [-450.3170274306076, -373.7364090488989, 2653.3005114883867]
  obj_bb: [151, 63, 156, 191]
  obj_id: 0
107:
- cam_R_m2c: [0.660560622577872, -0.7240533684297062, 0.19851041172978764, -0.41553926234552085, -0.5728120405635352, -0.7065504140786977, 0.6252893612951321, 0.38423051134837627, -0.67924968075082]
  cam_t_m2c: [-519.6256054191555, -422.3764975710237, 2780.354681391278]
  obj_bb: [144, 60, 150, 183]
  obj_id: 0
108:
- cam_R_m2c: [0.7043654081810347, -0.6935587299456435, 0.1511478080362088, -0.38909241675091366, -0.5553324144403012, -0.7349918371647667, 0.5936972822785178, 0.45889235947887774, -0.6610153851666469]
  cam_t_m2c: [-261.91754126720855, -239.81255633512697, 2305.448816170358]
  obj_bb: [173, 72, 178, 219]
  obj_id: 0
109:
- cam_R_m2c: [0.7470605988609961, -0.6565735992068343, 0.10397870192511977, -0.3629135792400008, -0.5338764023238172, -0.7637209706725286, 0.5569508018062828, 0.5328105628329461, -0.637117499760427]
  cam_t_m2c: [-77.40388281717861, -109.83486382166457, 1969.5739591343254]
  obj_bb: [202, 84, 208, 256]
  obj_id: 0
110:
- cam_R_m2c: [0.7049560644854966, -0.6931207791156277, 0.15040123903500946, -0.3889007850068076, -0.5550900292844768, -0.7352763009985074, 0.5931215107937072, 0.45984632753464927, -0.6608692975821213]
  cam_t_m2c: [-258.57278643277823, -238.0791292090584, 2300.3146461777196]
  obj_bb: [173, 72, 179, 220]
  obj_id: 0
111:
- cam_R_m2c: [0.684653751726237, -0.7081355000616795, 0.17260751374022848, -0.40101933351527486, -0.5637272682948576, -0.7220769080421989, 0.6086318545674001, 0.42515371400613744, -0.669934015461698]
  cam_t_m2c: [-366.9504268700254, -314.02209161560313, 2498.5469242343734]
  obj_bb: [160, 67, 165, 203]
  obj_id: 0
112:
- cam_R_m2c: [0.7755238329608614, -0.6271998907408833, 0.07199362169190615, -0.3451674808966429, -0.5167278751701164, -0.7834868940535267, 0.5286040055099458, 0.5827629021109704, -0.6172237886553308]
  cam_t_m2c: [23.17542796601516, -39.34045258399753, 1790.9327547078908]
  obj_bb: [222, 93, 230, 281]
  obj_id: 0
113:
- cam_R_m2c: [0.7640881179736413, -0.6370436101458885, 0.10170932476323191, -0.3996169499481437, -0.59116706879349, -0.700591029123451, 0.5064342418178713, 0.4946685107689861, -0.706277157472866]
  cam_t_m2c: [-115.15694749660476, -130.15482349512422, 1499.8334813418755]
  obj_bb: [144, 24, 284, 341]
  obj_id: 0
114:
- cam_R_m2c: [0.7634656465766666, -0.6376344088184666, 0.10267700418300554, -0.399814696709572, -0.5914698664006491, -0.7002225399364342, 0.5072163392402745, 0.4935440789136497, -0.7065025317555287]
  cam_t_m2c: [-117.58587247404358, -131.3872292022879, 1503.4807320487437]
  obj_bb: [144, 24, 282, 340]
  obj_id: 0
115:
- cam_R_m2c: [0.7143236016575775, -0.6794698840249238, 0.1675185626075576, -0.42999367329384786, -0.6150063219848679, -0.6609634368449652, 0.5521297248312295, 0.40010986069053744, -0.731481282286833]
  cam_t_m2c: [-323.09819410598624, -277.52305214154455, 1881.9212672794188]
  obj_bb: [116, 19, 227, 273]
  obj_id: 0
116:
- cam_R_m2c: [0.7358587561530987, -0.6626268590546754, 0.13941856638249264, -0.416838619797134, -0.6055413018914837, -0.6779124550774881, 0.5336267010171386, 0.4407327731890406, -0.7218013345780563]
  cam_t_m2c: [-223.1423878998401, -206.2491996614752, 1697.1421084154877]
  obj_bb: [128, 21, 250, 302]
  obj_id: 0
117:
- cam_R_m2c: [0.731978453055309, -0.6658340720557012, 0.14447329425357802, -0.419277322578524, -0.6073447338358708, -0.6747880415754414, 0.5370419639414987, 0.4333559308138733, -0.7237323857575392]
  cam_t_m2c: [-239.72231283541444, -218.22282224826122, 1728.0161371259137]
  obj_bb: [126, 21, 246, 297]
  obj_id: 0
118:
- cam_R_m2c: [0.7003840532234884, -0.6892086311305966, 0.1856169193940213, -0.43823566018732063, -0.6204902858365399, -0.6503393816482839, 0.5633930103670266, 0.3741433788771067, -0.7366173008503133]
  cam_t_m2c: [-399.53507271630855, -331.4775799952145, 2022.3208879932704]
  obj_bb: [108, 18, 212, 255]
  obj_id: 0
119:
- cam_R_m2c: [0.8139656494163973, -0.5799557542786313, 0.033335336345183875, -0.36770999366579993, -0.5588049819513456, -0.7433211639020201, 0.4497213383067787, 0.5927801575841252, -0.668103586763385]
  cam_t_m2c: [33.641069488433146, -24.682971379856152, 1234.1355688346441]
  obj_bb: [177, 29, 347, 418]
  obj_id: 0
120:
- cam_R_m2c: [0.7800839887402894, -0.6205119793785531, 0.08021130817254232, -0.3893746137046018, -0.581810982499681, -0.7140611954483649, 0.48975134580053237, 0.5257954584155953, -0.6954730441908596]
  cam_t_m2c: [-63.111545978531375, -92.78290324828524, 1404.6131721145473]
  obj_bb: [154, 25, 303, 365]
  obj_id: 0
121:
- cam_R_m2c: [0.6980956979713735, -0.6907533574808697, 0.18847332862441438, -0.4397038779812578, -0.621333304270932, -0.648540996924642, 0.5650866271308356, 0.3698712264189673, -0.7374770367307887]
  cam_t_m2c: [-412.7711813565684, -341.2186043802201, 2047.2587441373432]
  obj_bb: [107, 17, 209, 253]
  obj_id: 0
122:
- cam_R_m2c: [0.740373035936003, -0.6588265347578437, 0.1333992682059296, -0.41416168276311494, -0.6034046040077895, -0.6814491796113834, 0.529450534223671, 0.4492777325454428, -0.7196052048513093]
  cam_t_m2c: [-204.19476281768806, -193.03213378046974, 1662.6315373303246]
  obj_bb: [130, 21, 256, 309]
  obj_id: 0
123:
- cam_R_m2c: [0.7011839349516414, -0.6886345202130374, 0.18472570729785143, -0.437585390986842, -0.6202035639087139, -0.6510503551261011, 0.5629032909484757, 0.37567277900573215, -0.7362131811870025]
  cam_t_m2c: [-395.35054311638015, -327.9543956063215, 2013.7222141886773]
  obj_bb: [108, 18, 213, 256]
  obj_id: 0
124:
