964:
- cam_R_m2c: [ 0.0101    , 0.4233    ,-0.9059    ,-0.75529999,-0.5905    ,-0.28439999,
  0.65530002,-0.68709999,-0.31369999]
  cam_t_m2c: [153.1649971 ,-31.76199913,990.54702759]
  obj_bb: [387,195, 59, 54]
  obj_id: 1
1034:
- cam_R_m2c: [ 0.1753    , 0.0072    ,-0.98449999,-0.80769998,-0.57069999,-0.148     ,
  0.56290001,-0.8211    , 0.0942    ]
  cam_t_m2c: [-136.36400223,-198.02700043,1005.36003113]
  obj_bb: [219,102, 58, 50]
  obj_id: 1
154:
- cam_R_m2c: [-0.13169999, 0.95609999,-0.26190001,-0.97570002,-0.0784    , 0.2045    ,
 -0.175     ,-0.2825    ,-0.94319999]
  cam_t_m2c: [-69.49800014, 60.52599907,987.54203796]
  obj_bb: [259,248, 53, 53]
  obj_id: 1
8:
- cam_R_m2c: [ 0.52999997, 0.3935    , 0.7511    ,-0.2525    ,-0.77240002, 0.58279997,
 -0.80949998, 0.49849999, 0.31      ]
  cam_t_m2c: [-92.0510006 ,205.90099335,987.64297485]
  obj_bb: [237,330, 59, 56]
  obj_id: 1
829:
- cam_R_m2c: [ 0.1629    , 0.77859998, 0.60610002,-0.82819998, 0.44170001,-0.3448    ,
  0.53619999, 0.44580001,-0.71679997]
  cam_t_m2c: [240.29499054, 32.86099911,989.04602051]
  obj_bb: [434,237, 53, 52]
  obj_id: 1
676:
- cam_R_m2c: [-0.1663    , 0.92629999, 0.33809999,-0.96859998,-0.21780001, 0.1202    ,
 -0.185     , 0.3075    ,-0.93339998]
  cam_t_m2c: [-178.08300018,  -5.88199973,1011.93000793]
  obj_bb: [199,212, 49, 49]
  obj_id: 1
710:
- cam_R_m2c: [ 0.42120001, 0.78689998, 0.45089999,-0.52289999,-0.1956    , 0.82969999,
 -0.74110001, 0.58520001,-0.32910001]
  cam_t_m2c: [-137.32600212, 192.90000916,1016.49497986]
  obj_bb: [220,315, 52, 63]
  obj_id: 1
735:
- cam_R_m2c: [ 0.32859999, 0.9066    ,-0.2647    ,-0.0434    , 0.29449999, 0.95469999,
 -0.94349998, 0.30219999,-0.13609999]
  cam_t_m2c: [ -92.1119976 ,  31.3499999 ,1009.15100098]
  obj_bb: [248,230, 53, 56]
  obj_id: 1
483:
- cam_R_m2c: [-0.1073    ,-0.0541    , 0.99269998,-0.98720002, 0.1241    ,-0.1       ,
  0.1178    , 0.99080002, 0.0667    ]
  cam_t_m2c: [-169.30900574,-208.55600357,1012.99797058]
  obj_bb: [199,100, 56, 48]
  obj_id: 1
1060:
- cam_R_m2c: [-0.2202    , 0.36809999, 0.90329999,-0.79769999,-0.60089999, 0.0505    ,
 -0.5614    , 0.70950001,-0.42590001]
  cam_t_m2c: [-126.70499802,-134.89899635,1009.37797546]
  obj_bb: [220,139, 58, 47]
  obj_id: 1
939:
- cam_R_m2c: [ 0.61949998, 0.62510002, 0.47490001,-0.2366    ,-0.42809999, 0.87220001,
 -0.74849999, 0.65259999, 0.1173    ]
  cam_t_m2c: [  21.84400082,-209.60899353,1002.05497742]
  obj_bb: [307, 84, 57, 64]
  obj_id: 1
754:
- cam_R_m2c: [ 0.1532    ,-0.15000001,-0.97670001,-0.94459999,-0.31240001,-0.1002    ,
  0.29010001,-0.93800002, 0.18960001]
  cam_t_m2c: [192.04500198, 60.32700062,989.05296326]
  obj_bb: [408,250, 58, 51]
  obj_id: 1
734:
- cam_R_m2c: [ 0.1015    , 0.9799    , 0.1719    ,-0.31909999,-0.13160001, 0.93849999,
 -0.94230002, 0.15009999,-0.29929999]
  cam_t_m2c: [ -66.70599937, 246.35299683,1005.76698303]
  obj_bb: [262,350, 49, 60]
  obj_id: 1
627:
- cam_R_m2c: [-0.1578    , 0.47569999,-0.8653    ,-0.7511    ,-0.6268    ,-0.2076    ,
  0.64109999,-0.61720002,-0.4562    ]
  cam_t_m2c: [  48.89800072,-179.54799652,1002.28103638]
  obj_bb: [326,111, 59, 54]
  obj_id: 1
112:
- cam_R_m2c: [-0.0276    , 0.95550001,-0.29359999,-0.8466    ,-0.1785    ,-0.50150001,
  0.5316    ,-0.23469999,-0.81379998]
  cam_t_m2c: [  15.06800056,  49.87500191,1009.19898987]
  obj_bb: [309,245, 51, 54]
  obj_id: 1
751:
- cam_R_m2c: [ 0.13070001,-0.13      ,-0.98290002,-0.85420001,-0.51789999,-0.0451    ,
  0.50319999,-0.84549999, 0.1788    ]
  cam_t_m2c: [ 177.42700577,   9.46799994,1012.14500427]
  obj_bb: [398,221, 55, 48]
  obj_id: 1
918:
- cam_R_m2c: [-0.47479999, 0.49470001, 0.72790003,-0.66979998,-0.7396    , 0.0658    ,
 -0.57090002, 0.45629999,-0.68260002]
  cam_t_m2c: [141.0490036 ,148.92299652,991.8409729 ]
  obj_bb: [373,300, 59, 51]
  obj_id: 1
1165:
- cam_R_m2c: [-0.0842    , 0.73879999, 0.66869998,-0.70730001,-0.51700002, 0.4822    ,
 -0.70190001, 0.4323    ,-0.56599998]
  cam_t_m2c: [ -99.95599747,-228.54499817, 984.77203369]
  obj_bb: [238, 74, 51, 59]
  obj_id: 1
67:
- cam_R_m2c: [-0.1005    , 0.3809    ,-0.91909999,-0.49919999,-0.81849998,-0.28459999,
  0.86070001,-0.43020001,-0.27239999]
  cam_t_m2c: [ 209.07499313, -49.43200111,1014.70298767]
  obj_bb: [416,187, 60, 51]
  obj_id: 1
792:
- cam_R_m2c: [-0.28940001, 0.68529999, 0.66829997,-0.88959998, 0.0652    ,-0.45199999,
  0.35330001, 0.72530001,-0.59079999]
  cam_t_m2c: [-195.17299652, 180.75399399,1002.15896606]
  obj_bb: [185,321, 52, 53]
  obj_id: 1
444:
- cam_R_m2c: [ 0.2175    , 0.9709    ,-0.0998    ,-0.5036    , 0.19930001, 0.84069997,
 -0.83609998, 0.13259999,-0.5323    ]
  cam_t_m2c: [ -37.75899887, 174.66499329,1014.25498962]
  obj_bb: [280,307, 50, 61]
  obj_id: 1
1199:
- cam_R_m2c: [-0.23360001, 0.36149999, 0.90259999,-0.0634    ,-0.93199998, 0.35690001,
 -0.9702    ,-0.0261    ,-0.24070001]
  cam_t_m2c: [ 188.16999435,-208.4180069 , 997.61299133]
  obj_bb: [402, 91, 57, 55]
  obj_id: 1
674:
- cam_R_m2c: [ 0.0461    , 0.89719999,-0.4393    ,-0.4675    , 0.40799999, 0.78420001,
 -0.88279998,-0.1693    ,-0.4382    ]
  cam_t_m2c: [  10.58200002, 154.34000015,1008.20396423]
  obj_bb: [306,297, 53, 58]
  obj_id: 1
150:
- cam_R_m2c: [-0.23100001, 0.45089999, 0.86220002,-0.7421    , 0.49149999,-0.45590001,
  0.6293    , 0.74510002,-0.221     ]
  cam_t_m2c: [-106.04399681, 191.52700424, 991.1139679 ]
  obj_bb: [232,328, 56, 55]
  obj_id: 1
333:
- cam_R_m2c: [-0.0715    , 0.85329998, 0.51639998,-0.0683    ,-0.52069998, 0.85100001,
 -0.99510002,-0.0256    ,-0.0955    ]
  cam_t_m2c: [118.57199669,112.94099808,983.25500488]
  obj_bb: [366,276, 52, 57]
  obj_id: 1
631:
- cam_R_m2c: [-0.33579999, 0.447     ,-0.82910001,-0.55239999,-0.8064    ,-0.211     ,
  0.76289999,-0.3872    ,-0.51770002]
  cam_t_m2c: [203.65800858,195.73799133,992.72102356]
  obj_bb: [416,328, 61, 49]
  obj_id: 1
791:
- cam_R_m2c: [ 0.0099    , 0.51950002, 0.85439998,-0.98460001, 0.1541    ,-0.0823    ,
  0.1744    , 0.84039998,-0.51310003]
  cam_t_m2c: [126.26299858,-39.78899956,981.54701233]
  obj_bb: [368,194, 56, 49]
  obj_id: 1
424:
- cam_R_m2c: [-0.1124    , 0.3179    ,-0.94139999,-0.84329998,-0.5316    ,-0.0789    ,
  0.5255    ,-0.78509998,-0.32780001]
  cam_t_m2c: [ 44.44300175, 53.6439991 ,993.74702454]
  obj_bb: [323,246, 60, 49]
  obj_id: 1
868:
- cam_R_m2c: [-0.0481    , 0.23710001,-0.97030002,-0.9975    , 0.0383    , 0.0588    ,
 -0.0511    ,-0.97070003,-0.23469999]
  cam_t_m2c: [ 47.12800026,238.31100464,997.14401245]
  obj_bb: [324,353, 58, 51]
  obj_id: 1
433:
- cam_R_m2c: [-0.0504    , 0.38429999,-0.92180002,-0.3159    ,-0.8818    ,-0.35030001,
  0.94749999,-0.2735    ,-0.16590001]
  cam_t_m2c: [ 133.2820034 ,-200.77400208,1016.1000061 ]
  obj_bb: [373,103, 59, 52]
  obj_id: 1
199:
- cam_R_m2c: [-0.25850001, 0.71759999,-0.64670002,-0.8549    ,-0.4817    ,-0.1928    ,
  0.44980001,-0.50300002,-0.73799998]
  cam_t_m2c: [-201.90299988,-103.64800453,1012.46696472]
  obj_bb: [185,156, 57, 52]
  obj_id: 1
875:
- cam_R_m2c: [-0.58450001, 0.41139999, 0.69940001,-0.23810001, 0.73699999,-0.63260001,
  0.77560002, 0.5363    , 0.3328    ]
  cam_t_m2c: [ -75.02200127, 217.07099915,1003.24996948]
  obj_bb: [249,339, 58, 61]
  obj_id: 1
971:
- cam_R_m2c: [-0.1039    , 0.85460001,-0.50880003,-0.95270002,-0.2324    ,-0.19580001,
  0.28560001,-0.46439999,-0.83829999]
  cam_t_m2c: [ 131.31400108,   9.51399982,1003.52996826]
  obj_bb: [375,221, 53, 51]
  obj_id: 1
987:
- cam_R_m2c: [ 0.40490001, 0.91430002,-0.0136    ,-0.7687    , 0.3484    , 0.53640002,
 -0.49520001, 0.2068    ,-0.84380001]
  cam_t_m2c: [-200.13299942,-198.30200195, 981.12701416]
  obj_bb: [182, 95, 54, 57]
  obj_id: 1
264:
- cam_R_m2c: [-0.0582    , 0.0282    , 0.99790001,-0.0022    , 0.99959999,-0.0284    ,
  0.99830002, 0.0039    , 0.0581    ]
  cam_t_m2c: [-169.62999344, -87.09199905, 983.92501831]
  obj_bb: [195,167, 58, 48]
  obj_id: 1
194:
- cam_R_m2c: [-0.4348    , 0.64850003,-0.62480003,-0.6753    , 0.22409999, 0.7026    ,
 -0.59570003,-0.7274    ,-0.3405    ]
  cam_t_m2c: [126.32399559,171.56700134,991.3079834 ]
  obj_bb: [372,306, 57, 61]
  obj_id: 1
644:
- cam_R_m2c: [-0.3574    , 0.0692    ,-0.9314    ,-0.86229998, 0.3585    , 0.35749999,
 -0.35870001,-0.93089998, 0.0684    ]
  cam_t_m2c: [-154.64500427,-170.57600021,1015.85296631]
  obj_bb: [211,114, 57, 56]
  obj_id: 1
805:
- cam_R_m2c: [-0.34279999, 0.2518    , 0.90509999,-0.27360001,-0.94840002, 0.1602    ,
 -0.8987    , 0.1928    ,-0.39399999]
  cam_t_m2c: [  47.46399879,-102.19900131,1007.16400146]
  obj_bb: [319,156, 59, 51]
  obj_id: 1
1008:
- cam_R_m2c: [ 0.34689999, 0.76910001, 0.53689998,-0.65469998, 0.60839999,-0.44850001,
  0.67159998, 0.19589999,-0.71460003]
  cam_t_m2c: [-186.45999908,-221.80099487,1005.33500671]
  obj_bb: [191, 88, 54, 59]
  obj_id: 1
1071:
- cam_R_m2c: [-0.0034    , 0.0123    ,-0.99989998,-0.0197    ,-0.99970001,-0.0123    ,
  0.99980003,-0.0196    ,-0.0037    ]
  cam_t_m2c: [-241.5309906 , 121.60900116,1016.47201538]
  obj_bb: [161,286, 58, 46]
  obj_id: 1
1136:
- cam_R_m2c: [ 0.5898    , 0.759     ,-0.27579999,-0.16670001, 0.44859999, 0.87800002,
 -0.79009998, 0.47189999,-0.39109999]
  cam_t_m2c: [-216.68899536, 227.01999664,1007.98301697]
  obj_bb: [177,341, 55, 57]
  obj_id: 1
689:
- cam_R_m2c: [-0.3285    , 0.8603    ,-0.3899    ,-0.55409998, 0.15880001, 0.81720001,
 -0.76490003,-0.48449999,-0.42449999]
  cam_t_m2c: [-195.38700104, 229.52199936,1013.66203308]
  obj_bb: [189,337, 55, 61]
  obj_id: 1
863:
- cam_R_m2c: [ 0.0853    , 0.33320001, 0.93900001,-0.44080001, 0.85780001,-0.26440001,
  0.89359999, 0.39129999,-0.2201    ]
  cam_t_m2c: [-67.19399929,-55.97899914,999.30999756]
  obj_bb: [254,185, 58, 52]
  obj_id: 1
872:
- cam_R_m2c: [-0.54579997, 0.31240001, 0.77749997,-0.0038    ,-0.92879999, 0.3705    ,
 -0.83789998,-0.1992    ,-0.50809997]
  cam_t_m2c: [  49.20300007,-120.58600426, 993.52096558]
  obj_bb: [319,143, 60, 54]
  obj_id: 1
346:
- cam_R_m2c: [ 0.1157    , 0.83920002,-0.53140002,-0.86019999, 0.3522    , 0.3689    ,
 -0.49669999,-0.41440001,-0.7626    ]
  cam_t_m2c: [ 224.80699539,-249.89299774, 980.27297974]
  obj_bb: [430, 68, 57, 54]
  obj_id: 1
301:
- cam_R_m2c: [ 0.0808    , 0.85399997,-0.51389998,-0.62559998, 0.44479999, 0.64090002,
 -0.77590001,-0.26980001,-0.57020003]
  cam_t_m2c: [170.22499084,141.94899559,983.0909729 ]
  obj_bb: [398,291, 56, 60]
  obj_id: 1
396:
- cam_R_m2c: [ 0.1664    , 0.37079999,-0.91369998,-0.93150002,-0.2447    ,-0.26899999,
  0.3233    ,-0.89590001,-0.30469999]
  cam_t_m2c: [-179.44099426,-235.80900192, 987.34596252]
  obj_bb: [192, 76, 62, 56]
  obj_id: 1
728:
- cam_R_m2c: [-0.131     ,-0.0296    , 0.99089998,-0.87330002, 0.47659999,-0.1012    ,
  0.4693    , 0.8786    , 0.0883    ]
  cam_t_m2c: [  99.16199684,  78.71500015,1014.91600037]
  obj_bb: [350,264, 58, 48]
  obj_id: 1
831:
- cam_R_m2c: [ 0.3247    , 0.68049997, 0.65689999,-0.49900001, 0.71329999,-0.49219999,
  0.8035    , 0.1679    ,-0.57120001]
  cam_t_m2c: [   2.32700005,  16.48800015,1001.87103271]
  obj_bb: [295,226, 55, 56]
  obj_id: 1
182:
- cam_R_m2c: [ 0.1472    , 0.72180003, 0.67629999,-0.26320001, 0.68769997,-0.67659998,
  0.95340002, 0.0784    ,-0.29120001]
  cam_t_m2c: [168.8820076 , 33.38000059,991.53999329]
  obj_bb: [394,235, 50, 58]
  obj_id: 1
309:
- cam_R_m2c: [-0.0754    , 0.9698    ,-0.23199999,-0.92979997,-0.1524    ,-0.3351    ,
  0.36039999,-0.1904    ,-0.91320002]
  cam_t_m2c: [  98.97899628,-184.59899902,1001.24298096]
  obj_bb: [357,110, 49, 55]
  obj_id: 1
596:
- cam_R_m2c: [-0.1168    , 0.84210002,-0.52649999,-0.87819999, 0.15989999, 0.45070001,
 -0.4637    ,-0.51499999,-0.7209    ]
  cam_t_m2c: [ 141.55200005,-199.56800461,1013.43002319]
  obj_bb: [380, 99, 52, 54]
  obj_id: 1
979:
- cam_R_m2c: [-0.26519999,-0.2606    , 0.92830002,-0.87910002, 0.46090001,-0.1218    ,
  0.39610001, 0.84829998, 0.3513    ]
  cam_t_m2c: [ 91.56299591,248.93199921,989.03701782]
  obj_bb: [343,361, 62, 53]
  obj_id: 1
1020:
- cam_R_m2c: [-0.49380001, 0.0808    , 0.86580002,-0.68279999, 0.58050001,-0.4436    ,
  0.53850001, 0.81019998, 0.2315    ]
  cam_t_m2c: [ 142.6970005 ,-184.26300049, 981.71203613]
  obj_bb: [373,109, 61, 56]
  obj_id: 1
37:
- cam_R_m2c: [-0.004     , 0.96210003, 0.2726    ,-0.99940002,-0.0132    , 0.0317    ,
 -0.0341    , 0.2723    ,-0.96160001]
  cam_t_m2c: [ 30.37400007,120.25099754,985.53497314]
  obj_bb: [316,286, 50, 50]
  obj_id: 1
678:
- cam_R_m2c: [ 0.2902    , 0.0374    ,-0.9562    ,-0.89219999,-0.35089999,-0.2845    ,
  0.3461    ,-0.9357    , 0.0685    ]
  cam_t_m2c: [ -30.54100037,  85.68799973,1001.80099487]
  obj_bb: [280,264, 59, 54]
  obj_id: 1
175:
- cam_R_m2c: [ 0.2597    , 0.2931    , 0.92009997,-0.67610002,-0.62519997, 0.38999999,
 -0.68949997, 0.7234    ,-0.0359    ]
  cam_t_m2c: [-218.22999954,-141.24699593,1001.04301453]
  obj_bb: [169,126, 57, 59]
  obj_id: 1
248:
- cam_R_m2c: [ 0.1217    , 0.99089998,-0.0573    ,-0.2397    , 0.0854    , 0.96710002,
 -0.96319997, 0.1039    ,-0.24789999]
  cam_t_m2c: [ -82.51399994,-219.26799774,1013.82896423]
  obj_bb: [255, 82, 47, 62]
  obj_id: 1
207:
- cam_R_m2c: [-0.491     ,-0.0507    ,-0.86970001,-0.4237    , 0.88609999, 0.1876    ,
 -0.76120001,-0.46059999, 0.45660001]
  cam_t_m2c: [ -4.52399999,227.70599365,980.35003662]
  obj_bb: [297,349, 57, 51]
  obj_id: 1
897:
- cam_R_m2c: [-0.30540001, 0.79149997, 0.52939999,-0.0211    ,-0.56150001, 0.8272    ,
 -0.95200002,-0.24150001,-0.1882    ]
  cam_t_m2c: [ 197.24899292, 123.71399879,1004.64797974]
  obj_bb: [409,281, 51, 57]
  obj_id: 1
984:
- cam_R_m2c: [-0.0341    , 0.56400001, 0.8251    ,-0.8998    , 0.34200001,-0.271     ,
  0.435     , 0.75160003,-0.49579999]
  cam_t_m2c: [178.28199387,-83.91799927,989.84199524]
  obj_bb: [397,169, 58, 52]
  obj_id: 1
936:
- cam_R_m2c: [-0.19220001, 0.86519998, 0.4632    ,-0.8994    , 0.0335    ,-0.4357    ,
  0.39250001, 0.50040001,-0.77170002]
  cam_t_m2c: [ 45.61800003,-84.40699577,993.79699707]
  obj_bb: [323,169, 52, 54]
  obj_id: 1
230:
- cam_R_m2c: [-0.51630002, 0.71929997, 0.4648    ,-0.3378    , 0.32769999,-0.88230002,
  0.787     , 0.61260003,-0.0738    ]
  cam_t_m2c: [ 25.36900043,171.583004  ,989.30297852]
  obj_bb: [311,314, 55, 61]
  obj_id: 1
379:
- cam_R_m2c: [-0.41409999, 0.57539999, 0.70529997,-0.70490003, 0.28760001,-0.64840001,
  0.57590002, 0.76569998,-0.28650001]
  cam_t_m2c: [ 82.40799904, 87.99300194,982.87399292]
  obj_bb: [340,268, 59, 56]
  obj_id: 1
107:
- cam_R_m2c: [-0.2685    , 0.90990001, 0.3161    ,-0.66850001, 0.0603    ,-0.74129999,
  0.69349998, 0.4104    ,-0.59210002]
  cam_t_m2c: [-98.82699966,-64.67599869,981.82403564]
  obj_bb: [240,179, 52, 57]
  obj_id: 1
998:
- cam_R_m2c: [ 0.31470001, 0.72130001,-0.61699998,-0.4091    , 0.68959999, 0.59750003,
 -0.85650003,-0.0644    ,-0.51209998]
  cam_t_m2c: [-167.24899292,-241.56200409,1014.31297302]
  obj_bb: [206, 76, 56, 55]
  obj_id: 1
337:
- cam_R_m2c: [-0.0567    , 0.90350002, 0.42480001,-0.99669999,-0.0757    , 0.0281    ,
 -0.0576    , 0.42179999,-0.9048    ]
  cam_t_m2c: [-138.01199913,-158.35300446, 988.10897827]
  obj_bb: [218,125, 51, 48]
  obj_id: 1
196:
- cam_R_m2c: [ 0.0969    , 0.74529999, 0.65960002,-0.97579998,-0.0595    , 0.2105    ,
 -0.1962    , 0.66399997,-0.72149998]
  cam_t_m2c: [-214.90400314,  64.92099762,1006.82098389]
  obj_bb: [174,250, 52, 52]
  obj_id: 1
942:
- cam_R_m2c: [-0.011     , 0.99190003,-0.1269    ,-0.99980003,-0.0089    , 0.0175    ,
 -0.0162    ,-0.12710001,-0.99180001]
  cam_t_m2c: [-225.38700104, 103.06900024, 999.40498352]
  obj_bb: [170,276, 53, 48]
  obj_id: 1
269:
- cam_R_m2c: [-0.30489999, 0.7967    ,-0.52179998,-0.7615    ,-0.53299999,-0.36880001,
  0.57190001,-0.285     ,-0.76920003]
  cam_t_m2c: [ -48.89800072,  84.60499763,1010.727005  ]
  obj_bb: [273,262, 54, 53]
  obj_id: 1
162:
- cam_R_m2c: [ 0.51990002, 0.847     ,-0.1111    ,-0.14139999,-0.0429    ,-0.98900002,
  0.84240001,-0.52990001,-0.0975    ]
  cam_t_m2c: [-166.33300781, -46.16700172,1008.76899719]
  obj_bb: [209,188, 48, 56]
  obj_id: 1
1092:
- cam_R_m2c: [-0.0192    , 0.99730003,-0.0705    ,-0.3299    ,-0.0728    ,-0.94120002,
  0.94379997,-0.0052    ,-0.33050001]
  cam_t_m2c: [  59.93100166,-213.98799896,1009.10003662]
  obj_bb: [336, 92, 47, 58]
  obj_id: 1
110:
- cam_R_m2c: [ 0.0712    , 0.17399999,-0.98220003,-0.98970002,-0.1104    ,-0.0913    ,
  0.1244    ,-0.97850001,-0.1644    ]
  cam_t_m2c: [-204.51200485, 237.80799866,1003.89396667]
  obj_bb: [180,354, 57, 48]
  obj_id: 1
361:
- cam_R_m2c: [ 0.41100001, 0.78659999, 0.46070001,-0.78430003, 0.56279999,-0.26120001,
  0.46470001, 0.25400001,-0.84820002]
  cam_t_m2c: [ 132.91600227, 131.12999916,1013.67698669]
  obj_bb: [371,294, 54, 47]
  obj_id: 1
97:
- cam_R_m2c: [ 0.28259999,-0.36539999, 0.88690001,-0.87540001,-0.47620001, 0.0827    ,
 -0.39210001, 0.79979998, 0.4544    ]
  cam_t_m2c: [-214.14100647,-171.76599503,1003.12301636]
  obj_bb: [171,113, 59, 53]
  obj_id: 1
951:
- cam_R_m2c: [-0.3493    , 0.93660003, 0.0283    ,-0.83039999,-0.29539999,-0.47240001,
  0.43399999, 0.1885    ,-0.88090003]
  cam_t_m2c: [ 122.96699524, 159.54299927,1007.90100098]
  obj_bb: [371,306, 48, 54]
  obj_id: 1
1098:
- cam_R_m2c: [-0.0124    , 0.85100001,-0.52509999,-0.99919999, 0.0098    , 0.0394    ,
 -0.0387    ,-0.52509999,-0.85009998]
  cam_t_m2c: [ -25.29200077, -31.97599888,1004.09500122]
  obj_bb: [286,200, 52, 45]
  obj_id: 1
503:
- cam_R_m2c: [-0.0951    , 0.85689998,-0.50669998,-0.98290002,-0.0003    , 0.184     ,
 -0.1575    ,-0.51560003,-0.84219998]
  cam_t_m2c: [-206.86199188,-211.36400223, 991.66999817]
  obj_bb: [180, 94, 55, 48]
  obj_id: 1
563:
- cam_R_m2c: [-0.59140003, 0.792     ,-0.1515    ,-0.20829999,-0.33160001,-0.92009997,
  0.77899998, 0.5126    ,-0.36109999]
  cam_t_m2c: [-142.88000107,-239.59299088,1018.6000061 ]
  obj_bb: [221, 79, 49, 57]
  obj_id: 1
1171:
- cam_R_m2c: [ 0.2482    , 0.2034    , 0.94709998,-0.8919    ,-0.33360001, 0.30540001,
 -0.37799999, 0.92049998,-0.0986    ]
  cam_t_m2c: [ 224.4560051 ,-158.52100372,1009.40002441]
  obj_bb: [421,121, 58, 55]
  obj_id: 1
995:
- cam_R_m2c: [-0.47170001, 0.2228    , 0.8531    ,-0.5808    , 0.64950001,-0.49079999,
  0.66350001, 0.727     , 0.177     ]
  cam_t_m2c: [227.78299332,174.05500412,997.87399292]
  obj_bb: [420,316, 60, 58]
  obj_id: 1
430:
- cam_R_m2c: [ 0.0731    , 0.99629998,-0.0453    ,-0.96630001, 0.082     , 0.2441    ,
 -0.24690001,-0.026     ,-0.96869999]
  cam_t_m2c: [-212.99600601, 129.74200249, 992.6599884 ]
  obj_bb: [176,286, 52, 55]
  obj_id: 1
1045:
- cam_R_m2c: [-0.1156    , 0.97640002,-0.1823    ,-0.977     ,-0.14489999,-0.1566    ,
  0.1793    ,-0.16      ,-0.97070003]
  cam_t_m2c: [-176.05400085, 223.84599686, 981.07498169]
  obj_bb: [196,347, 54, 49]
  obj_id: 1
389:
- cam_R_m2c: [-0.49470001, 0.86159998,-0.1131    ,-0.58219999,-0.42519999,-0.69300002,
  0.64520001, 0.27700001,-0.71200001]
  cam_t_m2c: [-52.89599895,125.30099869,987.88696289]
  obj_bb: [270,287, 49, 59]
  obj_id: 1
530:
- cam_R_m2c: [ 0.2115    , 0.85689998,-0.47      ,-0.82660002,-0.0998    ,-0.5539    ,
  0.52149999,-0.50569999,-0.68720001]
  cam_t_m2c: [-36.79800034,-92.18899727,985.33096313]
  obj_bb: [279,163, 55, 56]
  obj_id: 1
64:
- cam_R_m2c: [-0.2464    , 0.62129998, 0.74379998,-0.8211    ,-0.54159999, 0.1804    ,
 -0.51490003, 0.56620002,-0.64359999]
  cam_t_m2c: [-131.35899544,-234.34400558,1015.48301697]
  obj_bb: [221, 83, 54, 48]
  obj_id: 1
1134:
- cam_R_m2c: [-0.25080001, 0.82010001,-0.51440001,-0.66619998,-0.53170002,-0.52289999,
  0.70230001,-0.21160001,-0.67970002]
  cam_t_m2c: [-49.84399796, -5.73000014,994.31396484]
  obj_bb: [272,210, 54, 58]
  obj_id: 1
1175:
- cam_R_m2c: [ 0.2289    , 0.92809999, 0.29359999,-0.86739999, 0.0576    , 0.49419999,
 -0.4418    , 0.3678    ,-0.81830001]
  cam_t_m2c: [ 40.88699818,-64.81400013,999.51202393]
  obj_bb: [322,173, 52, 56]
  obj_id: 1
158:
- cam_R_m2c: [-0.0552    , 0.63410002, 0.77130002,-0.99220002,-0.1211    , 0.0285    ,
 -0.1114    , 0.76370001,-0.6358    ]
  cam_t_m2c: [ 89.97599602,215.84999084,996.11297607]
  obj_bb: [347,337, 53, 53]
  obj_id: 1
495:
- cam_R_m2c: [-0.1288    , 0.97229999,-0.19499999,-0.72189999, 0.0429    , 0.69069999,
 -0.67989999,-0.2298    ,-0.69639999]
  cam_t_m2c: [-99.40600395, 30.3579998 ,990.0579834 ]
  obj_bb: [242,224, 52, 59]
  obj_id: 1
83:
- cam_R_m2c: [-0.0561    , 0.99430001,-0.0907    ,-0.4885    , 0.0519    , 0.87099999,
 -0.87080002,-0.0931    ,-0.48280001]
  cam_t_m2c: [-244.78099823, -90.19000053,1011.32698059]
  obj_bb: [161,155, 52, 60]
  obj_id: 1
664:
- cam_R_m2c: [-0.0257    , 0.15369999, 0.9878    ,-0.99870002, 0.0385    ,-0.032     ,
  0.043     , 0.9874    ,-0.1525    ]
  cam_t_m2c: [-243.4690094 , -11.68099999, 981.79000854]
  obj_bb: [151,211, 58, 46]
  obj_id: 1
1077:
- cam_R_m2c: [ 0.5984    , 0.30930001,-0.73909998,-0.28299999,-0.78140002,-0.55620003,
  0.74949998,-0.542     , 0.38010001]
  cam_t_m2c: [-247.77200699, 101.87800407,1003.94500732]
  obj_bb: [159,274, 61, 56]
  obj_id: 1
23:
- cam_R_m2c: [ 0.5345    , 0.44499999, 0.71850002,-0.29089999,-0.70130002, 0.65079999,
 -0.79350001, 0.55690002, 0.2454    ]
  cam_t_m2c: [-110.04199982,  62.06699848,1018.30802917]
  obj_bb: [230,244, 58, 57]
  obj_id: 1
39:
- cam_R_m2c: [ 0.1304    , 0.60049999, 0.78890002,-0.0456    , 0.7985    ,-0.6002    ,
  0.99040002,-0.0423    ,-0.13150001]
  cam_t_m2c: [-178.34299088,  89.854002  ,1019.21798706]
  obj_bb: [192,268, 56, 53]
  obj_id: 1
294:
- cam_R_m2c: [ 0.1216    , 0.63230002,-0.7651    ,-0.97070003,-0.085     ,-0.2246    ,
  0.2071    ,-0.76999998,-0.60350001]
  cam_t_m2c: [  52.28600025,-108.0739975 , 987.53303528]
  obj_bb: [330,152, 56, 54]
  obj_id: 1
618:
- cam_R_m2c: [ 0.0987    , 0.45539999, 0.88480002,-0.46070001, 0.80900002,-0.36500001,
  0.88200003, 0.3716    ,-0.2897    ]
  cam_t_m2c: [  28.7409997 ,-220.5340004 , 988.64898682]
  obj_bb: [310, 88, 57, 56]
  obj_id: 1
758:
- cam_R_m2c: [ 0.33849999, 0.7999    ,-0.4955    ,-0.2764    ,-0.4188    ,-0.86500001,
  0.8994    ,-0.4298    ,-0.0793    ]
  cam_t_m2c: [-249.95399475, 201.09399796, 985.83000183]
  obj_bb: [152,333, 62, 60]
  obj_id: 1
1194:
- cam_R_m2c: [ 0.50950003, 0.58929998,-0.62699997,-0.48289999,-0.4073    ,-0.77520001,
  0.71219999,-0.69770002,-0.0771    ]
  cam_t_m2c: [-146.74099922, 218.07800293, 981.17401123]
  obj_bb: [212,343, 64, 60]
  obj_id: 1
934:
- cam_R_m2c: [ 0.1237    , 0.2207    ,-0.96749997,-0.69730002,-0.67430001,-0.243     ,
  0.70599997,-0.70469999,-0.0705    ]
  cam_t_m2c: [-126.46100044,  13.80200028,1006.08398438]
  obj_bb: [225,222, 59, 52]
  obj_id: 1
1051:
- cam_R_m2c: [-0.0352    , 0.57499999,-0.81739998,-0.96920002,-0.2192    ,-0.1125    ,
  0.2439    ,-0.78829998,-0.565     ]
  cam_t_m2c: [-169.79700089,-140.62199593,1000.58799744]
  obj_bb: [200,134, 58, 52]
  obj_id: 1
827:
- cam_R_m2c: [ 0.163     , 0.89719999,-0.4104    ,-0.93610001, 0.27200001, 0.2228    ,
 -0.31150001,-0.3479    ,-0.88429999]
  cam_t_m2c: [ 21.18700027, 64.5389986 ,982.87597656]
  obj_bb: [312,250, 55, 55]
  obj_id: 1
88:
- cam_R_m2c: [ 0.1402    , 0.25350001,-0.95709997,-0.8969    ,-0.37689999,-0.23119999,
  0.41940001,-0.89090002,-0.17460001]
  cam_t_m2c: [-28.7409997 , 19.00500059,988.32099915]
  obj_bb: [280,225, 60, 54]
  obj_id: 1
1192:
- cam_R_m2c: [ 0.0157    , 0.53820002, 0.8427    ,-0.99940002, 0.0333    ,-0.0026    ,
  0.0295    , 0.84219998,-0.53839999]
  cam_t_m2c: [-131.16100311,  79.12700176,1006.39099121]
  obj_bb: [222,264, 51, 45]
  obj_id: 1
546:
- cam_R_m2c: [-0.19069999, 0.4337    , 0.88059998,-0.81080002, 0.43610001,-0.39039999,
  0.55339998, 0.78850001,-0.2685    ]
  cam_t_m2c: [ -43.49699974,  90.50999641,1003.20999146]
  obj_bb: [269,270, 56, 53]
  obj_id: 1
833:
- cam_R_m2c: [-0.21250001, 0.036     ,-0.97649997,-0.92309999, 0.32049999, 0.21269999,
 -0.3206    ,-0.94660002, 0.0349    ]
  cam_t_m2c: [ 11.48300052,144.2840004 ,996.12098694]
  obj_bb: [304,297, 58, 53]
  obj_id: 1
345:
- cam_R_m2c: [ 0.48050001, 0.78390002, 0.39320001,-0.64219999, 0.61979997,-0.45089999,
  0.59719998, 0.0358    ,-0.80129999]
  cam_t_m2c: [ 113.32300186, 171.26199722,1013.85398865]
  obj_bb: [361,315, 54, 52]
  obj_id: 1
1126:
- cam_R_m2c: [ 0.41850001,-0.25909999, 0.87040001,-0.6983    ,-0.70459998, 0.126     ,
 -0.58069998, 0.66060001, 0.47589999]
  cam_t_m2c: [210.69200516,-10.52099943,984.23599243]
  obj_bb: [412,206, 62, 50]
  obj_id: 1
5:
- cam_R_m2c: [ 0.0659    , 0.92360002,-0.37760001,-0.56419998, 0.3466    , 0.7493    ,
 -0.82300001,-0.1636    ,-0.54400003]
  cam_t_m2c: [-223.86100769, 177.18299866, 992.29896545]
  obj_bb: [170,310, 55, 60]
  obj_id: 1
422:
- cam_R_m2c: [ 0.44299999, 0.6591    , 0.60769999,-0.69270003, 0.68199998,-0.23469999,
  0.56910002, 0.317     ,-0.75870001]
  cam_t_m2c: [182.82899857,113.39900017,989.33502197]
  obj_bb: [398,285, 58, 47]
  obj_id: 1
1049:
- cam_R_m2c: [ 0.2692    , 0.8506    , 0.45159999,-0.88330001, 0.405     ,-0.2362    ,
  0.3838    , 0.3353    ,-0.86040002]
  cam_t_m2c: [152.78300285, -7.46900022,983.72398376]
  obj_bb: [385,213, 53, 51]
  obj_id: 1
962:
- cam_R_m2c: [ 0.34419999, 0.764     ,-0.54579997,-0.68339998,-0.1948    ,-0.70359999,
  0.64389998,-0.61519998,-0.45500001]
  cam_t_m2c: [ 202.69599915,-205.28999329, 993.32000732]
  obj_bb: [416, 97, 56, 59]
  obj_id: 1
849:
- cam_R_m2c: [-0.27779999, 0.61769998,-0.73570001,-0.6864    ,-0.66339999,-0.2978    ,
  0.67210001,-0.42230001,-0.60829997]
  cam_t_m2c: [ 178.8310051 ,-243.91199112, 994.43000793]
  obj_bb: [402, 73, 59, 57]
  obj_id: 1
1105:
- cam_R_m2c: [ 0.1009    , 0.78539997, 0.61070001,-0.8585    , 0.37900001,-0.34549999,
  0.50279999, 0.4894    ,-0.71249998]
  cam_t_m2c: [104.22800064,177.32000351,983.51799011]
  obj_bb: [357,320, 50, 52]
  obj_id: 1
234:
- cam_R_m2c: [ 0.0537    , 0.0955    , 0.99400002,-0.9831    ,-0.1691    , 0.0694    ,
 -0.17470001, 0.98100001,-0.0848    ]
  cam_t_m2c: [ 138.60699654,-187.19299316,1004.92500305]
  obj_bb: [376,110, 55, 47]
  obj_id: 1
1170:
- cam_R_m2c: [ 0.1551    , 0.1354    ,-0.97860003,-0.2042    ,-0.9648    ,-0.16590001,
  0.9666    ,-0.2256    , 0.122     ]
  cam_t_m2c: [-198.42399597,  23.0340004 , 990.86196899]
  obj_bb: [182,229, 62, 51]
  obj_id: 1
318:
- cam_R_m2c: [-0.4136    , 0.87669998, 0.2457    ,-0.81089997,-0.4774    , 0.33849999,
 -0.41409999, 0.0592    ,-0.90829998]
  cam_t_m2c: [135.75400352, 86.05500221,991.92703247]
  obj_bb: [376,257, 51, 59]
  obj_id: 1
300:
- cam_R_m2c: [-0.27509999, 0.88660002,-0.37169999,-0.86720002,-0.39579999,-0.30219999,
  0.41510001,-0.2392    ,-0.87779999]
  cam_t_m2c: [-167.43200302,-215.77299118, 997.2530365 ]
  obj_bb: [204, 89, 55, 58]
  obj_id: 1
1016:
- cam_R_m2c: [-0.0616    , 0.99519998, 0.0766    ,-0.69660002, 0.0121    ,-0.71740001,
  0.7148    , 0.0976    ,-0.6925    ]
  cam_t_m2c: [199.64399338,-98.47599983,995.36300659]
  obj_bb: [414,160, 51, 55]
  obj_id: 1
1119:
- cam_R_m2c: [ 0.45820001, 0.85890001, 0.2287    ,-0.2353    ,-0.1309    , 0.96310002,
 -0.85710001, 0.49509999,-0.14210001]
  cam_t_m2c: [  74.12199974,-179.333992  ,1012.66899109]
  obj_bb: [342,105, 50, 61]
  obj_id: 1
854:
- cam_R_m2c: [-0.0565    , 0.2123    , 0.9756    ,-0.73299998, 0.65460002,-0.1849    ,
  0.67790002, 0.72549999,-0.1186    ]
  cam_t_m2c: [ -87.55000114,-218.09299469, 984.82803345]
  obj_bb: [243, 91, 57, 50]
  obj_id: 1
1166:
- cam_R_m2c: [ 0.0494    , 0.98790002,-0.14669999,-0.6595    ,-0.078     ,-0.74769998,
  0.75010002,-0.1337    ,-0.64770001]
  cam_t_m2c: [-227.01999664, 245.666008  , 986.60301208]
  obj_bb: [167,360, 55, 56]
  obj_id: 1
635:
- cam_R_m2c: [-0.0096    , 0.6961    ,-0.71789998,-0.99989998, 0.0007    , 0.014     ,
 -0.0102    ,-0.71799999,-0.69599998]
  cam_t_m2c: [  47.020998  ,-233.59600067,1018.33099365]
  obj_bb: [329, 84, 51, 50]
  obj_id: 1
705:
- cam_R_m2c: [-0.34709999, 0.68199998,-0.6437    ,-0.1018    ,-0.70969999,-0.69709998,
  0.93229997, 0.17640001,-0.31580001]
  cam_t_m2c: [-199.70500946, -47.60099888,1014.34196472]
  obj_bb: [188,194, 55, 49]
  obj_id: 1
662:
- cam_R_m2c: [ 0.63679999, 0.75169998,-0.1716    ,-0.1319    , 0.32550001, 0.93629998,
 -0.75959998, 0.57359999,-0.3064    ]
  cam_t_m2c: [-194.16599274,  51.06500149, 992.2820282 ]
  obj_bb: [188,240, 54, 58]
  obj_id: 1
511:
- cam_R_m2c: [ 0.42050001, 0.73000002,-0.5388    ,-0.43709999,-0.3574    ,-0.82539999,
  0.79509997,-0.5826    ,-0.1688    ]
  cam_t_m2c: [-36.11099958,-17.63200045,993.25202942]
  obj_bb: [278,206, 59, 58]
  obj_id: 1
843:
- cam_R_m2c: [ 0.28870001, 0.57059997, 0.76880002,-0.83130002, 0.5478    ,-0.0944    ,
  0.47499999, 0.61189997,-0.63249999]
  cam_t_m2c: [-236.26699448, 138.24099541,1007.63999939]
  obj_bb: [159,298, 57, 45]
  obj_id: 1
742:
- cam_R_m2c: [ 0.1882    , 0.9795    ,-0.0725    ,-0.6911    , 0.0796    ,-0.7184    ,
  0.6979    ,-0.18529999,-0.69190001]
  cam_t_m2c: [-178.81599426, 232.0249939 , 990.82702637]
  obj_bb: [196,352, 53, 56]
  obj_id: 1
1120:
- cam_R_m2c: [-0.047     , 0.91900003, 0.3915    ,-0.98909998,-0.0976    , 0.1103    ,
 -0.13959999, 0.38209999,-0.91350001]
  cam_t_m2c: [ -90.99900246, 141.73600197,1013.12103271]
  obj_bb: [247,293, 50, 52]
  obj_id: 1
28:
- cam_R_m2c: [ 0.21170001, 0.96609998,-0.148     ,-0.92470002, 0.2471    , 0.28979999,
 -0.31650001,-0.0755    ,-0.94559997]
  cam_t_m2c: [  9.6359998 ,-32.82999992,980.85098267]
  obj_bb: [306,194, 52, 54]
  obj_id: 1
985:
- cam_R_m2c: [ 0.41479999, 0.72100002,-0.55510002,-0.1848    , 0.66409999, 0.7245    ,
 -0.89099997, 0.1979    ,-0.40869999]
  cam_t_m2c: [-209.60899353,-249.55699921, 990.87097168]
  obj_bb: [178, 65, 58, 57]
  obj_id: 1
315:
- cam_R_m2c: [-0.29010001, 0.56260002, 0.77410001,-0.50550002, 0.59680003,-0.6232    ,
  0.81260002, 0.57209998,-0.1112    ]
  cam_t_m2c: [-163.05299759, 164.34999466,1003.16703796]
  obj_bb: [202,310, 53, 59]
  obj_id: 1
441:
- cam_R_m2c: [-0.0428    , 0.89630002,-0.44139999,-0.99790001,-0.0601    ,-0.0251    ,
  0.049     ,-0.43939999,-0.89700001]
  cam_t_m2c: [-143.61200333, -65.13400078, 995.72303772]
  obj_bb: [218,179, 53, 48]
  obj_id: 1
43:
- cam_R_m2c: [-0.16760001, 0.80930001,-0.56300002,-0.6771    ,-0.50959998,-0.5309    ,
  0.71649998,-0.2922    ,-0.63340002]
  cam_t_m2c: [ 236.26699448, 125.77400208,1005.59898376]
  obj_bb: [434,286, 54, 56]
  obj_id: 1
303:
- cam_R_m2c: [ 0.0133    , 0.6146    , 0.7888    ,-0.99529999, 0.0836    ,-0.0483    ,
  0.0956    , 0.78439999,-0.6128    ]
  cam_t_m2c: [-233.81000519, 109.49299812,1014.04502869]
  obj_bb: [164,281, 50, 45]
  obj_id: 1
535:
- cam_R_m2c: [ 0.0593    , 0.65820003, 0.75050002,-0.9842    ,-0.087     , 0.154     ,
 -0.1666    , 0.74779999,-0.6426    ]
  cam_t_m2c: [ 191.1300087 , 180.93700409,1019.32899475]
  obj_bb: [402,314, 55, 54]
  obj_id: 1
51:
- cam_R_m2c: [-0.514     , 0.303     , 0.80250001,-0.0359    , 0.92720002,-0.373     ,
  0.85710001, 0.22050001, 0.4657    ]
  cam_t_m2c: [ 13.35899949, 72.67199993,988.42697144]
  obj_bb: [298,259, 60, 54]
  obj_id: 1
794:
- cam_R_m2c: [ 0.1754    , 0.98220003, 0.0674    ,-0.87089998, 0.1228    , 0.47589999,
 -0.45919999, 0.14219999,-0.87690002]
  cam_t_m2c: [ 192.6709938 , -69.72700119,1012.92701721]
  obj_bb: [408,171, 52, 55]
  obj_id: 1
732:
- cam_R_m2c: [-0.23370001, 0.93489999,-0.26719999,-0.93110001,-0.13609999, 0.33829999,
 -0.27990001,-0.32780001,-0.9023    ]
  cam_t_m2c: [-225.06599426,-219.05399323,1016.93496704]
  obj_bb: [173, 90, 54, 51]
  obj_id: 1
645:
- cam_R_m2c: [-0.1221    , 0.222     ,-0.96740001,-0.5043    ,-0.85339999,-0.1322    ,
  0.85479999,-0.47170001,-0.21619999]
  cam_t_m2c: [-188.47499847,  97.80400276,1003.16703796]
  obj_bb: [189,271, 57, 48]
  obj_id: 1
578:
- cam_R_m2c: [-0.44530001, 0.1592    ,-0.8811    ,-0.0504    ,-0.98699999,-0.1529    ,
  0.89389998, 0.0237    ,-0.44760001]
  cam_t_m2c: [  2.12899998,-18.89899969,988.78601074]
  obj_bb: [299,207, 60, 49]
  obj_id: 1
1102:
- cam_R_m2c: [-0.0892    , 0.58359998, 0.8071    ,-0.75660002, 0.48730001,-0.43599999,
  0.64780003, 0.64960003,-0.39809999]
  cam_t_m2c: [ 170.42299271,-249.26799774, 986.9960022 ]
  obj_bb: [392, 70, 58, 60]
  obj_id: 1
1068:
- cam_R_m2c: [-0.32780001, 0.9016    ,-0.28240001,-0.5007    ,-0.4192    ,-0.75730002,
  0.80110002, 0.1068    ,-0.58890003]
  cam_t_m2c: [ 133.67899895,-134.25900459, 981.42601013]
  obj_bb: [378,137, 51, 60]
  obj_id: 1
884:
- cam_R_m2c: [ 0.0172    , 0.70590001, 0.70810002,-0.55019999, 0.59799999,-0.58289999,
  0.83490002, 0.37959999,-0.39860001]
  cam_t_m2c: [ 235.73299408, -85.06299973,1006.91001892]
  obj_bb: [429,167, 54, 58]
  obj_id: 1
1091:
- cam_R_m2c: [-0.2411    , 0.81099999, 0.53299999,-0.92900002,-0.034     ,-0.36860001,
  0.28080001, 0.58399999,-0.76160002]
  cam_t_m2c: [-45.23600101,241.30199432,986.08802795]
  obj_bb: [270,356, 52, 52]
  obj_id: 1
815:
- cam_R_m2c: [ 0.1627    , 0.98070002, 0.1089    ,-0.83920002, 0.1955    ,-0.50739998,
  0.51889998, 0.0088    ,-0.85479999]
  cam_t_m2c: [232.81799316,247.05499649,989.10697937]
  obj_bb: [432,360, 52, 54]
  obj_id: 1
1117:
- cam_R_m2c: [-0.0479    , 0.9982    ,-0.0352    ,-0.98100001,-0.0404    , 0.1899    ,
 -0.1881    ,-0.0436    ,-0.98119998]
  cam_t_m2c: [  16.2590003 ,-218.8409996 ,1001.60102844]
  obj_bb: [311, 92, 46, 47]
  obj_id: 1
683:
- cam_R_m2c: [-0.2289    , 0.62730002,-0.74440002,-0.57849997,-0.7026    ,-0.41429999,
  0.78289998,-0.33579999,-0.5237    ]
  cam_t_m2c: [-147.04600334,-169.67500687, 981.87301636]
  obj_bb: [213,115, 59, 57]
  obj_id: 1
1113:
- cam_R_m2c: [ 0.3035    , 0.82599998, 0.47499999,-0.4061    ,-0.33880001, 0.84869999,
 -0.86199999, 0.45039999,-0.23270001]
  cam_t_m2c: [-222.74700165, 170.94200134,1004.92599487]
  obj_bb: [170,304, 53, 62]
  obj_id: 1
926:
- cam_R_m2c: [ 0.5564    , 0.63450003,-0.53649998,-0.3312    , 0.7615    , 0.5571    ,
 -0.76209998, 0.1323    ,-0.63380003]
  cam_t_m2c: [ -72.10800171, -85.53600311,1006.91398621]
  obj_bb: [258,165, 60, 52]
  obj_id: 1
823:
- cam_R_m2c: [-0.1202    , 0.71340001, 0.6904    ,-0.82740003,-0.45629999, 0.3274    ,
 -0.54860002, 0.53189999,-0.6451    ]
  cam_t_m2c: [  47.020998  ,  41.06999874,1014.05403137]
  obj_bb: [323,232, 50, 56]
  obj_id: 1
55:
- cam_R_m2c: [ 0.45719999, 0.88569999,-0.0803    ,-0.25310001, 0.0431    ,-0.96649998,
  0.85259998,-0.46219999,-0.2439    ]
  cam_t_m2c: [102.86999702,146.55799866,993.19900513]
  obj_bb: [361,299, 49, 61]
  obj_id: 1
536:
- cam_R_m2c: [-0.0915    , 0.2198    , 0.97119999,-0.97930002, 0.1569    ,-0.1278    ,
  0.1805    , 0.96280003,-0.2009    ]
  cam_t_m2c: [129.20800209, -1.28900006,985.39100647]
  obj_bb: [370,217, 58, 49]
  obj_id: 1
861:
- cam_R_m2c: [-0.1868    , 0.90359998,-0.38550001,-0.90759999,-0.3089    ,-0.2843    ,
  0.37599999,-0.29679999,-0.87779999]
  cam_t_m2c: [ 149.854002  ,-236.28200531, 994.91996765]
  obj_bb: [386, 77, 52, 58]
  obj_id: 1
993:
- cam_R_m2c: [-0.5273    , 0.83160001,-0.1743    ,-0.53939998,-0.48609999,-0.68760002,
  0.65649998, 0.2685    ,-0.70490003]
  cam_t_m2c: [180.09700775, 44.39700127,984.52003479]
  obj_bb: [408,240, 44, 59]
  obj_id: 1
68:
- cam_R_m2c: [-0.0677    , 0.99269998, 0.1002    ,-0.85979998,-0.109     , 0.4989    ,
 -0.50620002, 0.0524    ,-0.86080003]
  cam_t_m2c: [-180.814991  , 164.93000031, 997.46299744]
  obj_bb: [197,301, 48, 59]
  obj_id: 1
814:
- cam_R_m2c: [-0.0242    , 0.90219998, 0.4307    ,-0.97030002,-0.1248    , 0.207     ,
 -0.2405    , 0.4129    ,-0.87849998]
  cam_t_m2c: [165.32600403,-63.15000057,987.19398499]
  obj_bb: [392,178, 51, 51]
  obj_id: 1
307:
- cam_R_m2c: [ 0.0844    , 0.68400002, 0.72460002,-0.92989999,-0.20720001, 0.30399999,
 -0.3581    , 0.69950002,-0.61849999]
  cam_t_m2c: [ 219.29800034,  52.89599895,1005.338974  ]
  obj_bb: [419,240, 56, 56]
  obj_id: 1
38:
- cam_R_m2c: [-0.13850001, 0.1903    ,-0.97189999,-0.37380001,-0.9188    ,-0.1267    ,
  0.91710001,-0.34580001,-0.19840001]
  cam_t_m2c: [  4.29500014, 40.8409977 ,987.79296875]
  obj_bb: [299,239, 60, 50]
  obj_id: 1
524:
- cam_R_m2c: [ 0.0226    , 0.0989    , 0.99479997,-0.98619998,-0.1609    , 0.0384    ,
 -0.1639    , 0.98199999,-0.0939    ]
  cam_t_m2c: [ 207.47200012, 183.43900681,1008.47900391]
  obj_bb: [414,319, 56, 49]
  obj_id: 1
223:
- cam_R_m2c: [-0.5474    , 0.8003    , 0.2446    ,-0.0973    ,-0.3511    , 0.93129998,
 -0.8312    ,-0.486     ,-0.27000001]
  cam_t_m2c: [-178.44900131,-156.52199745,1015.32203674]
  obj_bb: [200,118, 47, 62]
  obj_id: 1
1094:
- cam_R_m2c: [-0.16419999, 0.6796    , 0.71490002,-0.77929997,-0.53380001, 0.32839999,
 -0.60479999, 0.50319999,-0.61729997]
  cam_t_m2c: [-76.48700237, 85.58199883,985.03303528]
  obj_bb: [250,258, 53, 59]
  obj_id: 1
54:
- cam_R_m2c: [-0.241     , 0.65109998,-0.7198    ,-0.3466    ,-0.75040001,-0.56269997,
  0.90649998,-0.1139    ,-0.40650001]
  cam_t_m2c: [-161.00799561,-116.52700424,1016.95800781]
  obj_bb: [209,152, 55, 53]
  obj_id: 1
774:
- cam_R_m2c: [ 0.27079999, 0.4752    , 0.83719999,-0.76249999,-0.42500001, 0.4878    ,
 -0.58759999, 0.7705    ,-0.2473    ]
  cam_t_m2c: [236.63299561,166.94400787,990.81100464]
  obj_bb: [427,302, 60, 63]
  obj_id: 1
74:
- cam_R_m2c: [ 0.5302    , 0.80769998,-0.25780001,-0.48789999, 0.53930002, 0.6864    ,
 -0.69340003, 0.23810001,-0.68000001]
  cam_t_m2c: [-206.90799713, 218.19999695, 991.39396667]
  obj_bb: [180,335, 56, 59]
  obj_id: 1
501:
- cam_R_m2c: [-0.48010001, 0.73610002, 0.4772    ,-0.31099999, 0.36579999,-0.87720001,
  0.82020003, 0.56959999,-0.0533    ]
  cam_t_m2c: [-42.91699886,116.02399826,983.29101562]
  obj_bb: [271,282, 54, 62]
  obj_id: 1
582:
- cam_R_m2c: [ 0.0412    , 0.0279    ,-0.99879998,-0.3062    , 0.95190001, 0.014     ,
 -0.95109999,-0.3053    ,-0.0477    ]
  cam_t_m2c: [ 15.69399953,-33.02900076,995.39001465]
  obj_bb: [307,200, 56, 47]
  obj_id: 1
435:
- cam_R_m2c: [-0.0127    ,-0.0278    , 0.99949998,-0.97310001, 0.23010001,-0.0059    ,
  0.2298    , 0.97280002, 0.03      ]
  cam_t_m2c: [-47.03700066, 96.99500084,989.92599487]
  obj_bb: [269,275, 55, 46]
  obj_id: 1
860:
- cam_R_m2c: [-0.3897    , 0.6961    , 0.60299999,-0.31909999,-0.71619999, 0.6207    ,
 -0.86390001,-0.0495    ,-0.50120002]
  cam_t_m2c: [-189.45100784,  17.98300028, 995.49697876]
  obj_bb: [186,218, 56, 59]
  obj_id: 1
76:
- cam_R_m2c: [ 0.0269    , 0.73320001, 0.67949998,-0.34439999,-0.63129997, 0.69489998,
 -0.93839997, 0.2527    ,-0.23549999]
  cam_t_m2c: [ -41.57400131,-162.91500092, 991.16203308]
  obj_bb: [273,110, 49, 64]
  obj_id: 1
436:
- cam_R_m2c: [-0.18619999, 0.375     , 0.90810001,-0.95300001, 0.1558    ,-0.25979999,
  0.23890001, 0.9138    ,-0.32839999]
  cam_t_m2c: [ 202.84900665, 238.96799088,1008.49700928]
  obj_bb: [408,353, 59, 50]
  obj_id: 1
136:
- cam_R_m2c: [ 0.208     , 0.94080001,-0.26750001,-0.2992    , 0.32159999, 0.89840001,
 -0.93129998, 0.1068    ,-0.3484    ]
  cam_t_m2c: [ 162.59500504,-124.03499603,1012.86201477]
  obj_bb: [393,137, 53, 59]
  obj_id: 1
449:
- cam_R_m2c: [ 0.1049    , 0.85470003, 0.50830001,-0.65380001, 0.44440001,-0.61229998,
  0.7493    , 0.26809999,-0.60549998]
  cam_t_m2c: [ 50.45499802,-19.67700005,984.3699646 ]
  obj_bb: [326,204, 51, 60]
  obj_id: 1
34:
- cam_R_m2c: [ 0.3432    , 0.6415    ,-0.68599999,-0.86940002,-0.0594    ,-0.4905    ,
  0.3554    ,-0.76480001,-0.53740001]
  cam_t_m2c: [-235.79399109, 134.89899635, 987.4659729 ]
  obj_bb: [160,296, 64, 54]
  obj_id: 1
952:
- cam_R_m2c: [ 0.2252    ,-0.1803    ,-0.95749998,-0.86809999,-0.4833    ,-0.1132    ,
  0.44229999,-0.8567    , 0.26539999]
  cam_t_m2c: [193.00699234, 81.97999954,995.97503662]
  obj_bb: [408,262, 58, 52]
  obj_id: 1
1124:
- cam_R_m2c: [-0.164     , 0.84899998, 0.50220001,-0.85159999, 0.13510001,-0.50639999,
  0.49790001, 0.5108    ,-0.70090002]
  cam_t_m2c: [  96.4770031 ,-162.12200165,1015.1550293 ]
  obj_bb: [352,126, 51, 55]
  obj_id: 1
898:
- cam_R_m2c: [-0.0643    , 0.57319999,-0.81690001,-0.99339998, 0.0416    , 0.1074    ,
 -0.0955    ,-0.81840003,-0.56669998]
  cam_t_m2c: [-181.85199738,-142.81900406,1010.3730011 ]
